  44089
 313640
 111558
 411124
 637332
 832765
 663267
 855872
 587577
 804014
 920441
 538894
 581392
 440337
 675941
 821164
 737681
 555484
 552632
 366831
 144632
 811377
 585490
 917337
 356505
 910674
 319951
 449748
 900106
 675624
 322939
 278727
 380326
 899837
 932434
 944662
 121223
 579231
 307997
 988562
 628873
 132979
 763824
 631140
  56069
 819190
 286881
 965219
 846949
 709320
 363416
 699339
 518336
 128567
 249898
 941303
 749192
 277759
 468273
 163226
  55968
 963712
 197161
  53130
 838593
   3305
 243021
 956691
 369670
 724073
 862773
 943288
 492375
 187171
   2747
 497907
 613740
 240804
 422955
 324704
 553174
 232883
 583228
 359674
 465867
 777020
 475768
 733340
 513010
 539915
 200585
 995675
  78331
 915106
 949757
 921496
 937588
 138266
 754253
 333488
 430794
 202465
 570341
 449277
 316668
 270602
 944022
 601500
 258357
 499432
 803637
 288094
 107004
 705827
  71906
 999514
 857685
 663025
 995184
  43214
 892721
 181961
 822653
 401491
 278718
  83631
 513516
 464708
  58583
 783576
 735546
 992864
 287848
  65011
 151999
 539027
 912659
 756973
 756086
 567599
 594682
 748285
 422817
 251490
 285407
 821554
 681692
 208967
 617959
 738717
 197908
 538424
 370822
 735489
 622893
 508430
 472317
 486227
 600849
   8401
 687914
 359410
 300492
 187059
 841662
 636103
 478241
 995697
 499907
 398215
 138769
 988617
 344692
 885355
 127195
 184307
 449826
 955471
 244782
 596732
 365101
 590525
 136617
 559764
 370844
 874858
 286432
 617626
 541423
 668721
 637484
 900921
 230545
 938193
 934177
 111391
 781652
 551065
 559985
 880600
 518958
 706996
 789619
 124214
 564526
 876706
  74456
 480478
 903933
 408021
 650596
  10324
 528654
 754603
 614684
 660867
 734640
 387432
 929092
 264967
 590049
 970657
 253732
 853206
 345095
 806717
 471221
 527366
 615347
 871270
 989030
 818042
 981882
 367771
 418484
 138612
 403572
 777979
 832508
  59378
  36493
 259587
 979936
 708056
 266042
 711827
 274045
 621425
   9521
  12120
 773837
 218896
 547621
 520040
 462908
 687592
 544362
 722842
  44862
 451872
 239950
 588158
 152437
 792252
 950582
 543000
  82438
 953816
 627769
 618535
 876698
 186577
 212489
 782665
 326739
 612013
 345781
  53811
 956845
 960456
 960535
 241764
 240834
 662288
 973803
 125863
 540356
 185564
 918605
 540302
 435194
 512912
 245505
 138232
  68206
 420660
 787274
  18320
 200969
 332624
 689475
 743707
 902427
 486943
 761384
 852087
 115508
 976173
 866380
 881167
 494917
 232093
 803780
 294840
  76327
 434667
 257573
 430704
 291640
 811467
 728646
 708816
 189305
 221662
 286026
 968534
 168604
 132420
 626040
 508667
 737987
 350111
 859083
 786942
 186359
 332294
 734176
 934789
  79058
 400243
 302550
 213581
  32689
  99351
 177365
 666956
 183083
  65489
 958044
 415383
 616556
  66168
 660212
 571105
 684613
 840678
  12234
 600369
 259669
 851117
 147656
 815838
 805620
 786744
 248299
 358376
 690952
 533436
 419350
 749127
  45505
 129906
 616534
 534388
 153438
 798629
 659425
 372997
 898150
 982454
 497317
 719922
 961633
 507709
 176506
 262129
  22473
  77488
 385452
 381464
 360976
 658971
 227146
 444612
 312929
 175665
 554439
 782167
 715674
 206727
 171624
 744770
 491234
  23631
 130436
 897223
 817149
  74107
 105513
 232737
 227166
 261647
 768406
  17209
 383787
 513997
 504276
 807617
 939854
 433534
  86000
 852916
 409108
 250924
 667620
 711509
 142091
 976073
 911390
 212369
 976661
 904465
 519831
  85926
 157370
   8946
 349938
 147684
 850038
 553825
 988408
 619189
 189792
 515602
 930209
 749566
 746966
 810004
 798913
 179203
 446885
 345566
  68802
 264019
  46318
 212706
 811408
 646388
  51768
  13863
 269623
 463344
 376502
 522458
 502409
 181750
 504244
 537242
 306477
 785928
 258512
 763444
 348577
 541165
 429866
 856830
 910440
 335566
 809385
 863196
 376091
 988832
 958796
 696668
 280203
 559708
  99099
 177347
 314095
 450155
 425224
 887709
 744211
 994534
  61825
 680412
  10322
 574853
 481670
 282573
 910426
 963528
 833899
 306035
 527067
 938705
 340628
 267733
 938989
 616873
 130883
 417926
 706744
 352566
 328765
 942717
 823136
 568355
 761096
 149447
  80376
 143412
  51609
   1940
 941937
 136917
 961533
 421123
   3655
 996634
 542972
 678834
 146242
 818363
 496188
 826772
 557320
 351150
 138679
 673452
 211268
  29599
 150132
 367189
 125071
 759219
 228310
 413314
 408348
 127400
  22326
 449965
 173049
 725267
 290393
 224011
 544830
 792142
 290662
 229963
 228372
 646036
 937618
 145233
 401542
 829635
 601895
 114574
 221207
 111956
 435064
 749071
 447199
 564473
 597760
  73032
  25418
 620366
 345550
 604158
 137657
 316435
 405779
 478819
 584696
 744031
 224344
 412870
 703873
 787331
 856590
 308691
 465765
 548391
 546188
 731826
 239176
 494909
  85271
  49252
 814430
  30989
 974958
 392696
 153872
 973109
 529921
 658194
  51708
 503403
 569870
 696055
 492782
 617352
 865272
 747730
 447559
 137924
 666243
 920357
 517136
   3075
 985990
 506580
 981860
 765985
 362799
 337492
 878024
 487849
  61868
 793637
 190813
 105185
 795702
 975671
    878
  48769
 804990
 471628
 218046
 679608
  53967
 623738
  82154
  46414
 760790
 370114
 393503
 464363
 892705
   8733
 184304
 530200
 828187
 942706
  10137
  48856
 663633
 588162
 800006
 499365
 974760
 119843
 612400
 113270
 646457
 255267
 890907
 291496
 811112
 184451
 656782
 556792
  39801
 204366
 978388
 773831
 542484
 503568
 514788
 199560
 600965
  46146
 817089
  56685
 769324
 652590
 676208
 211527
 746695
 655084
 729048
 641041
 730577
 173869
 931528
 812487
 442451
 108297
 870992
 652880
  28611
 312096
 889209
 974233
 219226
 287082
 719596
 511042
 726659
 420823
 590619
   7916
  96834
  22186
 325256
 270891
 188970
 562828
 140967
 717239
 388455
 943558
  60166
 709283
 955438
 491990
  12139
 380431
 153255
 939851
 667284
 833910
  98003
 188817
 691723
 870558
 455388
 667152
    110
 679083
 163905
 767081
 926024
 286647
 141269
 211368
 906955
 993904
 305345
 166651
 127550
  26720
 351306
  75570
  46235
 209812
 154617
 523268
 171641
 649599
 938273
 392556
 369577
 379650
 869301
 546853
 488561
 137078
 622094
 509998
 734901
 442815
 136176
 714593
 631881
 409776
 953738
 216449
 823706
 405322
 791612
 826011
 232188
 447557
 555313
 300934
  83657
 274233
 455647
 280549
 706927
 734234
 785138
 861184
 513744
 615114
 392112
 449864
 497777
 357733
 414574
 921651
 400722
 188825
 764996
 213640
 881741
 391911
 778753
 173598
 172967
 409166
 223035
  24771
 741119
 262051
 750705
 223324
 160199
 714486
 112624
 717371
 260336
 684890
 100858
 600517
 821366
 667456
 985091
 755957
 435093
 248142
 426289
 572863
 163106
 798923
 531284
 549959
  22393
 758728
 667513
 428535
  62382
 373957
 880082
  79813
 807277
 859109
 449593
 177261
 386119
 392020
 124179
 738378
 400843
 362651
  24654
 974002
 258900
 712226
 372566
 292520
 638850
 405229
 791819
 596199
 905407
 135408
 377661
 324894
 113611
 844145
 710631
 725410
 181674
 622435
 892609
 177350
 950670
 885029
 381806
 982248
 483678
  34524
 752387
  51821
 829222
 967333
  32432
 709434
 392670
 439309
 350665
 880079
 660737
 786575
  62978
 423453
 595960
 689053
 452713
 906712
 776859
  45133
 164287
 148538
 433705
 978040
 607152
 889171
 346444
 843981
 901095
 425994
 216781
 988884
 121586
  88305
 921997
 414271
 884841
 730993
 297813
 356858
 285572
 659036
 871906
 546237
  12050
 822428
 766750
  69087
  49961
 200722
 150822
  25391
 166898
 403965
  66676
  95158
 185785
 125757
 391175
 156872
 792927
 220424
 238257
 180556
 732681
 346776
 996996
 947722
 259753
 269944
 588274
 562239
 178379
 879718
 421304
 763891
 105992
 880336
 796213
 120071
 535330
 906215
  17852
 736233
 504916
 496617
 482567
 326472
 297965
 977635
 592175
 865734
 554302
   8605
 759483
 843561
  93062
 501400
  90659
 736352
 156037
 660358
 753534
 537875
 909049
 619314
 247862
 172381
 559233
 107443
 471933
 536965
 233656
 225048
 785807
 424718
 748687
 759323
 995335
 861559
 382635
 488473
  79461
 913340
 299063
 181272
 356113
 878871
 394349
 551981
 550573
 804706
 591939
 874147
 915714
 934087
 526084
 457266
 444151
 632690
 142645
  82901
 996925
 658463
 468740
 970413
   7450
 364825
 598517
 801798
  30709
 262966
 562943
 912613
 576966
 681898
 305652
 914475
 107361
 810843
 701252
 573394
 316122
  57823
 423716
 902522
 833383
 433591
 299028
 264363
 803572
 376485
  63510
 640890
 439570
 761849
  72901
 834964
 976245
 348676
 195327
 911852
 484195
 475298
 539032
 388250
 290303
  39354
 737666
 897236
 258122
 101583
 566312
 413360
 174490
 931410
 272767
 303898
 843511
 226014
 554998
 714130
 262215
 184761
 198070
 509006
 333102
 582911
 840274
 542110
 877954
  94696
 242285
 644055
 593148
 190389
  65623
 788340
  13934
 664814
 654411
  64058
 427920
 692907
 171498
 547685
 883584
 253274
 503626
 120794
 681270
 343059
 656989
 898539
 865204
 538379
 710839
  15264
 402388
 207514
 413120
 839869
 592729
 161462
 656246
 570622
 926348
  56676
 248607
  15337
 114269
 417545
 816921
 892940
  72323
 405468
 146967
 966802
 693546
 967991
  95000
 417504
 556923
 772103
 878955
 288753
 588076
 295940
 565384
  60272
  36203
 262948
  78173
 194563
 879143
 987597
 687964
 372039
 994432
  27121
 653965
 605177
 798467
 193487
 862394
 329616
 826730
 872549
 700074
 822545
 976011
 938846
 739103
 120674
 446238
  81946
 371601
 945421
 579146
 691596
 110042
     91
 617880
 209257
  69404
 333101
 933987
 210670
 215449
  91411
 721918
 142024
 895141
 982455
 807055
 508764
 482947
  81824
 577713
 403081
 116755
 936123
 320992
 464404
 490195
  52364
 855143
   7795
 971193
 681158
 127386
 403203
 790748
 581302
 669029
 167602
 473751
 700377
 253977
   6979
 894295
 923695
 140077
 725835
 554804
 278670
  86825
 475441
 219756
 574423
 655687
 211455
 190596
 181479
 197602
 523114
 400678
 445547
 746021
 470234
 797019
 442988
 296002
 809306
 392554
 179549
 288561
 528136
 502687
 881395
 123091
 289859
   9691
 396679
 947759
 619868
 699994
 760400
 625976
 697375
 691685
 683911
 725534
 597220
 110220
 297747
 202358
 993927
 424117
 305918
 583994
  20231
  72690
  88947
 920536
 124733
 932882
 726928
 729711
 804095
 757546
 536317
 214175
 692153
 277980
 477108
 839505
 769341
 661320
 154874
 864811
 669253
 672371
 469984
 210039
 962549
 124876
 399898
 902236
 767731
 930743
 178622
 540448
 570803
 271475
 789589
 930811
 786993
 152219
 236797
 847840
 865149
 761886
 437434
 278268
 452408
 623976
 257070
 533555
 284591
 451550
 435098
 581274
 394708
 317401
 931318
 627852
 694488
 714759
    128
 401935
 189106
 849054
 723668
 937049
  34053
  47364
 102275
 665399
 942705
 882742
 804127
 496837
 847866
 203732
 688926
 735446
 330233
 581747
  49975
 680196
 144531
 286519
 989840
 404838
 936918
 824730
 278587
 390639
 279650
 307695
 621142
 979157
 924295
 719318
 517470
 567228
  78852
 263928
 536386
   5557
 319695
 971834
 412119
 853443
 861498
  73261
 807654
 484612
 832124
 690793
 474675
 700845
 473942
 682051
 433820
 354958
 730990
 761645
 707339
 611870
 131874
 737050
 473662
  93499
  20275
 526155
 213918
 469615
 446327
 601169
 841778
 883157
 802352
 623912
 740685
 691654
 273816
 857238
 920872
 615976
 924147
 947348
 299782
 584483
  25199
  94425
 189520
 510638
 243120
 382127
  10096
 909098
  27175
 643621
 582341
 625437
 893541
 568848
 632068
 705506
  84264
 238121
 696173
 481367
 141207
  66980
 907185
 697353
 142767
 225669
 509614
 394997
 770922
 226490
 477871
 436234
  15631
  60341
 394809
  22519
 447035
 895886
 811329
 821139
 724742
 144314
 817146
 782459
 305443
   7075
 509815
 177287
 131128
 276441
 129560
 636124
 497192
 230765
 846881
 162119
 538097
 382321
 511993
 502958
 327046
 855388
 478494
 523381
 194752
 712449
 457628
 616417
 411745
 274856
  15602
  15867
  54830
 100757
 758608
 703860
 474648
 167109
 254320
 706141
  22153
 632565
 960887
 317043
 875177
 604751
 562991
 344391
 147075
 292951
 136312
 688959
 158905
 146350
 761219
 888153
 238243
 678038
 998847
 347995
  37922
 699202
 447948
 444720
 333996
 937991
 433024
 807759
 862448
 300430
 658452
 997875
 970563
 826190
 798569
 480236
 881758
 124646
 745895
 216580
 670066
 795203
 738260
 378397
  65593
 735602
 791326
 187025
 230528
  35416
 245498
 361337
 505866
 340227
 264087
 339696
 623349
 548289
 237399
  96255
 894080
 695607
 910720
 307503
 199522
 556340
 665311
 894687
 340018
 215622
 995605
   2524
 779404
 860211
 705750
 453409
 275790
 232859
 919858
 351133
 282160
 926831
 626820
 286275
  86227
 275404
 824374
 675885
 158874
 533648
 235131
 920305
 166338
 269051
 705583
  96880
 549092
 942098
 389038
 782354
  61682
 444476
 419887
 488674
 828356
 373696
 762542
 273983
 489979
 137016
 424690
 394114
 680436
 498648
 422466
 415604
 347822
  43436
 540445
 583750
 140313
 793941
 582590
 801990
  60918
 668148
 597596
  30771
 615716
 504463
 889806
  82232
 514270
 422697
 707629
 748157
 837327
 641323
 735694
 630438
 507183
 924084
  65070
 277777
  86035
 204600
 198352
 528104
  93312
 705347
 601128
 555988
 502233
 995554
 789751
 466015
 995358
 703188
 482101
 637306
 975068
 263463
 470089
 632793
 370440
 890942
 625980
  23340
 544235
 401314
 690460
 915598
 814867
 114854
 684112
 995342
 961869
 389610
 861549
 335588
  32036
 654498
  77539
 425568
 104126
 166274
 342539
 534909
  31464
 884147
 838378
 160018
  29785
 284142
 447356
 888319
 845389
 696547
 413247
  73897
 817826
 455075
 766857
 210006
 195041
 511211
 889574
 863195
 892527
 377818
 587816
 938860
 578048
  51484
 962283
 830898
 233541
 966708
 910457
 894508
 695031
 357853
 789480
 229474
 725809
 483572
 730267
   2850
 114615
 170482
 130469
 229862
 526148
 196411
 969405
 339261
 432739
 371231
 641596
 666638
 516993
 632808
 449160
 462501
 394861
 323986
 738815
 325410
 746789
 854641
 926134
 523484
 697730
  48353
 985454
 293360
 873885
 810557
  75728
 509542
 151434
 767663
 512218
 495137
 642652
 953490
 765283
  69907
  25782
 511489
  35065
 533827
 626579
 624000
 802624
  27970
 182650
 934989
 695914
 924958
 420315
 415859
 820992
 179722
 531660
 880151
 928556
  98991
 318367
 976878
 636983
 860041
 522994
 588997
 900087
 953456
 448015
 700739
 258347
 327478
 976443
   6545
 613884
 783389
 894655
  58946
  83231
 287845
 351163
  11331
 958015
 519567
 738428
 972568
 300712
 281875
 729040
 496930
 987429
 358963
 565696
 141626
 208225
 791961
 274067
 887277
 956401
 684294
 887560
 696387
 175231
  39407
 645504
 751273
 962638
 375045
 843563
 945773
 740961
 131607
 252790
 303216
 138519
 868358
 836114
 107746
 444311
  49547
 450295
 707232
 836546
 341075
 402566
 773906
 833174
 915315
 739830
 537155
 809382
 842986
  91624
 542883
 744087
 778894
 717873
 647658
 813852
 756456
   8280
 455866
 320357
 518382
 799086
 265015
 189984
 944458
 864213
    363
 649841
 954888
 505051
 336805
 698718
 274034
 285593
  52238
  89279
 990558
 177050
 283743
 446306
 860713
 638791
 933955
 838195
  83271
 121859
 936378
 399270
 726504
  47991
 292769
 917521
 294274
 156992
 551656
 214776
 597754
  75312
 949588
 492772
 416528
 909832
  47590
 488305
 470010
 665260
  73629
  88183
 805501
 363204
 832386
 638807
 951074
 430207
 964851
 196208
 531257
 684298
 160952
 567796
 284894
 690744
 488562
 462594
 375273
 187199
 313476
 371784
 694388
 607996
 291828
 546992
 994652
 312723
 783361
 848365
 577244
 272058
 839594
 278271
 974135
 803315
 110521
  26862
 841835
 818065
 604574
 855046
 269576
  29986
  80486
 114030
 938319
 440217
 518901
 833392
 200364
 314680
  23409
 467857
 485496
 423169
 256462
 573037
 289465
 546061
 535812
 626174
  65905
 142547
 411230
 951702
   4010
 191408
   1425
 784059
 970481
 717355
 678266
 739302
  19752
 198163
 550225
 973419
 125310
 498405
 186831
  73470
 193206
 795562
 358051
  78796
 347100
 641064
 585473
 397304
 405471
 802593
 960928
 690204
 371240
 210953
 738032
 687442
 431801
 823597
 719080
 576815
 994416
 701914
 595172
 110329
 515427
 491911
 350592
 108784
 836531
 479369
 844624
 248361
 574261
 558893
 630751
 905651
  34416
 200871
 915097
 105157
 834981
 739577
  23950
 558482
 402144
 163720
 550180
 676731
 764168
 889300
 714682
  42930
 461623
 882708
 114254
 487902
 233349
 505657
 737046
 808161
 978801
 382140
 629320
 576851
 339591
 961298
  38913
 207342
 653490
  91642
 575806
 947643
 811573
 265414
 998308
 357205
 356077
  35654
 861337
 675051
 494574
 115084
 956751
 762034
 634721
 944274
 492102
  99801
 219566
 322956
 193825
 544463
 299861
 133756
 564660
 362515
 474950
 276875
 743231
 407651
 238021
 462047
 788658
 351740
 938169
 802909
 916849
 717789
 178825
 743016
 147851
  80064
 868374
 534186
 783871
 129416
 556149
 488590
 450429
 891479
 472331
 676356
 416161
 434315
 471170
 352873
 628703
 526995
 101141
 535994
 284440
 149440
 949019
 770978
 523794
  97385
 777769
 797727
 364393
 358993
 837495
 468874
 161958
 775819
 364375
 939183
 203400
 770971
 638395
 926656
 328788
 457001
 545722
 278140
 935296
 366532
 242290
 640084
 923408
 800705
 320153
 902367
 696977
 212909
 156041
 433076
 709437
 900564
 928490
  83967
 884875
 786340
 697152
 383767
 492980
 118798
 709619
 671726
 112582
    251
 929915
 697455
 457682
 302897
 953261
 430038
 705641
 458753
 161486
 250178
 463968
 428197
 455242
 180623
  28443
  98696
 179185
 106810
 129670
 305304
 638972
 986582
  34185
 937466
 153068
 784778
 609710
  40781
 432257
  85973
 215138
 975441
 179389
 291417
 548123
 798703
 110726
 362817
 324126
 655089
 729470
 310301
 946401
 812175
 850486
 299632
   7992
 811779
 628648
 700824
 953362
 492383
 719167
 278462
 637385
 520512
 883215
 776885
 348859
 601716
 953223
  31481
 947259
 205177
 396083
 259987
 684335
 453955
 610926
 645514
 943797
 400968
 199752
 789310
  95248
 802944
 265925
 487156
 203927
 226603
 531608
 945043
 366528
 293536
 501363
 151949
 355289
 815954
 974453
 356789
 403514
 163374
  55237
 523389
 178172
 820259
 591686
 262824
 476488
 736019
 549459
 481903
 352306
 761436
 288924
 892436
 749461
  21836
 706204
  40734
 194301
 992385
 275659
 539340
 266253
 309717
 950827
 427633
  69634
 129295
 105824
  76346
 240098
 914668
 920333
 357893
 301029
  37731
 693252
 902318
 895033
 322100
 954771
 530007
 475431
 360890
 146309
 999249
 804226
 788310
 163948
 482994
 405687
 383533
 780444
 134850
 827497
 419157
 909007
 731412
  39730
 440155
 315696
  96707
 794120
 629874
 883642
 120882
 472742
 330330
  47038
 740171
 327446
 547599
 700759
 386656
 528710
  86453
 915186
    744
 452032
 956642
 375685
 602543
 992986
 742740
 821751
 680376
 271570
  98936
 179345
  49842
 183290
 481985
 405181
 487544
 239905
 541270
 768138
 352286
 636332
 263373
 484756
 546043
  63621
 330445
 972691
  54116
 610370
 561729
 884262
 261857
  47675
 751104
 138017
 925759
 807869
 395390
 706867
 698762
 779616
 158796
 172478
 460316
 402857
  80374
 772789
 756615
 606348
 577972
 377777
 385792
 271445
 172821
 631778
 896362
 469971
 912521
 832108
  97982
 271130
 198676
  70213
  93441
 537478
 571465
 299362
 341351
 736103
 792972
 709232
  81305
 285899
 807689
 532957
 118821
 226295
  84770
 655176
 692230
 797308
 146702
 747321
 562039
 818952
 825406
 595564
 315578
 100651
 615819
 780103
 682327
 230315
 680814
 674042
 966565
 432147
 151897
 213874
  65346
 303031
 848324
  41078
 747797
 435954
 173403
 185664
 508603
 846757
 170095
 306771
   8001
 530833
 460380
 258279
 442227
 329001
 176766
 117969
 567911
 224256
  89350
 104479
 641640
 507831
  95112
 505384
  53451
 542228
  77036
 863638
 245454
 941235
 942102
 693746
 623218
 929768
 551786
 307268
 955180
 448198
 794135
 979227
 988822
 179886
 180708
 845432
 322703
 822741
 936544
 264878
 533112
 541922
 957088
 465926
 143049
 285598
 268550
 206567
 396430
 469949
 832546
 669358
 881737
 723716
 959357
 298530
 636709
 219882
 141364
 173783
 891496
 873270
 964800
 338386
 241821
 563356
 351157
 910544
  90070
 151817
 981084
 406437
  26400
 930174
 609664
 299809
 183733
 533336
 251744
 607609
  88825
 720844
  74029
 103369
  16714
 152590
 957839
 943704
 109398
 728397
 500973
 445599
 733439
 929089
 799743
 420704
 835621
 975382
 107931
 726692
 498736
  23147
 927942
  75922
 988176
 317776
  97720
 645959
 709614
 449945
 930824
 786195
  73884
 900445
  26980
 865664
 566049
 883386
 482251
 335554
 602837
 251550
 403177
 640507
 313588
 756561
 304142
 846427
 890936
 538464
 402581
 715185
 314972
 191704
 688252
 966141
 157432
 341390
 702226
 222570
 917093
 834197
 550489
 618475
 440158
 231403
 399196
 960984
 765223
 708258
 885641
 107614
 816438
 352633
 317478
 612797
 226649
 457616
 239315
 581089
 361140
 595191
 352384
 230748
  45568
 309200
 164378
 154143
 109067
 656765
 191827
 874780
 431412
 374529
 400497
 868404
 445832
  58140
 500222
 734162
 147678
 106485
  64760
 927458
 743154
 375379
 841210
 325229
 532983
 302336
 135647
 213391
 753314
 764786
 811437
 514604
 533054
 901435
 585596
 553435
  81569
 946072
 650942
 220901
 956568
 643364
 131454
 892621
 109322
 512434
 291474
 912205
 689204
 311298
 995638
 504741
 609253
 587525
 717418
 808803
  70276
 237844
 234095
 511787
 702617
  46817
 389748
 779494
 950037
 261479
 854306
 835609
 202638
 906061
 479505
 260175
 790120
 629442
 336197
 936216
 224835
 952908
 725348
 308251
 103862
 853323
 141496
 754002
 628481
 841045
 190876
 983322
  16222
 287217
 937261
 354396
  29192
 103126
 792830
 821492
 163224
 186085
 642690
 880424
 701610
 552159
 981719
 408630
  93346
 618677
 588618
 585295
 644310
 479150
 413299
 335687
 433030
  45467
 538923
 442402
 243769
 693228
  78855
 594159
 647801
 794167
 625701
 546739
 103628
 592598
 972508
 618266
 520540
 261225
 440367
 103526
 458717
 783066
 468095
 412982
 636966
 231969
 564813
 841260
 721739
 219615
 517738
 156250
 875679
 520893
 711327
 371712
 131112
 804363
 308108
  76423
 892646
 454944
 284079
   5072
 892931
 195458
 836409
  79933
 979313
 819265
 323672
 281103
 687331
 540670
 195968
 817017
  13477
 893317
 508544
 786482
 266327
  25249
 149328
 789599
 236301
 960223
 851685
 745270
 457313
 385512
 439693
 998977
 119879
 141140
 614164
  96429
 752008
   3315
 696574
 579187
 524920
  92115
 920393
 575156
 292908
 736549
 377082
 410493
 171816
 629639
  87819
 516929
  41534
 921546
 307128
 933348
 681186
 977232
  20214
 210535
  25774
 882307
 913709
 291815
 138276
 838050
 669675
 978374
  64785
 370626
 306704
 249080
 380931
 814454
 826559
 868507
 636982
 119621
 865315
 267417
 280051
 510746
 622626
 372233
 939635
 408652
  38702
 360712
 474935
 546017
 648352
 420101
 636786
 489482
 171778
 555749
 484647
 745925
 990221
 891925
 443705
 268088
  82734
 998596
 539374
 990789
 379553
 845932
 839605
 924983
 744870
 783287
 356681
 397042
  46517
 975752
 977447
 753067
 756532
 616903
 915805
  88174
 978400
 790298
 233519
 961635
 518837
 499289
 255161
 712646
 952435
 165749
 968807
 117567
 396988
 158280
 700055
 902134
 317687
 117001
 478131
 790007
  16415
 919495
  97614
  39861
 422313
 920452
  14729
 562620
 447637
 402572
 853357
 586635
 145337
 443859
 485317
 517396
 828609
 208825
  73894
 215180
 143525
 424730
 530811
  26253
 711755
  75529
 693933
 238174
 221325
 497253
 148642
 641905
 913699
  60240
 409582
 857785
  88907
 101452
 415185
 394511
 107713
 260448
 428925
 418134
 695212
 856702
 778916
 433013
 522593
 730334
 318848
 425627
 158743
 579354
 671536
 730736
 847424
 705074
 168971
 320118
 847710
 345477
 500054
 405838
 488896
 674086
 195586
 517083
 323500
 441412
 762421
 336862
 846601
  55375
 879682
 490447
 638408
 156850
 600751
 995088
 200129
 707190
 453816
 801589
  19114
 113584
 581376
 559757
 902192
 884910
 747297
 973813
 755388
 888439
 483668
 959145
  98234
 148101
 392551
 684229
 571752
 228945
 271438
 431404
 529538
 906642
 298951
 767344
 889797
  12917
 620729
 151121
  47890
 707105
 598791
 727918
 194246
   3208
 318492
 230343
 131532
 116936
 483283
  86992
 757263
 613110
 183269
 668998
 886906
 733875
  40974
 820129
  97570
 514321
  54916
 299770
 388945
 414692
 436892
  74219
 316787
  76881
 331593
  23485
 645711
 375993
 759364
 496766
 334630
 309219
 735730
 288411
 833917
 698872
 215663
 790266
 541598
 413751
 621182
 557572
 684975
 854092
 648286
 805896
 224896
 771671
  13861
   8855
 798820
 208999
  46533
 637421
 934881
 314256
 158962
  32583
 642363
 762853
 756053
 368738
 418200
 903868
 163229
 663331
 673304
 263198
  95669
 948666
 405264
 832023
 753748
 288194
 988497
  16168
   1052
 416270
 463242
 684272
 164328
 417610
 684181
 732356
 259285
 118490
 115884
 772518
 243746
 418909
 401590
 460298
 587708
 115694
 805290
 237949
 134051
 533939
 723324
 761419
 936948
 963920
 240200
 970401
 793011
 576603
 914154
 862751
 219227
 247579
 432717
 446582
 514458
 447536
 779921
 797047
 291396
 664390
 139272
  27247
 460310
  19104
 370831
 776016
 187512
 602799
 898516
 519339
  16231
 340916
   2492
  53731
  73789
 234414
 714892
 545872
 491063
  11034
 724065
 987804
 224211
 298559
  75802
 323858
 173405
 617345
 503256
 197007
 661387
 403156
 565181
 215846
 347089
 165921
 139338
 689567
 200152
 535240
 939175
  74803
 822981
 773336
 314281
 156611
 296762
 304786
 144678
 149590
 669496
 938088
 808027
 512469
 795012
 778672
 837564
 610649
 937048
  22182
 154304
 632205
 349935
 769510
 348459
 567675
 195910
  51281
 910264
 192138
 424027
 387598
 200187
 759030
 968589
 163584
 722673
 689495
 118302
  37078
 846595
 190925
 497509
 541456
 237132
 650517
 743530
 555606
 585726
 267552
 641520
 336944
 139744
 632868
 784460
  13014
 451972
 167684
 804695
 539425
 112287
 596939
 594428
 188217
  87189
 959547
 762386
 616717
 650852
 439937
 449178
 304754
 263922
 973271
 111577
 378672
 892761
 610449
 877685
 746438
 642384
 276201
 181111
 401258
 490067
 135087
 946434
 128754
 832675
 828297
 689416
 190809
 944970
 979357
 653083
 472368
 217185
 770624
 891373
 498654
 401823
 764973
 868144
 571778
 959800
 267099
 256759
 126927
  24748
 228979
 817999
 535961
 276878
 407369
 574102
 201610
 282554
 788412
  73592
 933910
 370150
 534183
 102010
 309990
 102513
 264133
 350395
 433859
 105209
 728254
  85745
 896330
 895253
 909019
 658306
 742054
 957340
 288169
 534218
 887686
 879070
 658197
 902585
  72644
 919914
 883045
  85573
 957398
 548930
 375725
 262785
 173922
  63656
 768457
 750846
  76381
 917382
  39426
 755841
 705893
 201143
 502140
 859923
 921409
 540236
  61960
 386861
 978033
 571839
 295030
 405101
 503692
  89173
 317905
  65991
 940115
 546391
 575801
 667855
 795493
  12071
 721139
 274339
 192818
 864223
 253217
 182433
 948869
 209366
 870521
 806768
 137097
 847251
 862953
 890521
 478187
  31939
 669493
 322110
 886967
 851430
 362412
 879815
 625719
 109190
 593529
 992666
 128154
 249021
 396541
 998318
  46402
 102652
 700202
 129034
  19307
 385079
 853271
  28647
 154556
 982207
 888824
    778
 803837
 409538
 950140
 615545
 443380
 957589
 277203
 145712
 611794
 574327
 193677
  16519
 820945
 968782
 650401
 868387
 670975
 783823
 758109
 900281
 792514
 507389
 596091
 442986
 909029
  31720
 347149
 466284
 576389
 148225
 650184
  35067
 440428
 959663
 869371
  53856
 470733
 536722
 717977
 563512
 145421
 234136
 809349
 647690
 836846
 694170
 101929
 174589
 567404
 610588
 933450
 476354
 193086
 922798
 794130
 256640
 128808
 913556
 359365
 721954
 317124
 233573
 423180
 300260
 864636
  51725
  13127
 288233
 540803
 122195
 322035
 724173
  37918
  73966
 895843
 840909
 524728
  11266
 604673
 277110
 114704
 598674
 219623
 584220
 910330
 958205
 890145
 521012
 792606
 338054
 143654
 142976
 229501
 697673
 198027
 433723
 285906
 678409
 779608
  82454
 826400
 462215
 899993
 420104
 114589
 474209
 875877
 605907
  23951
 695352
 249385
 577086
 123930
  55239
 920625
 649622
  39304
 313665
 916386
 560332
 561866
 640297
 352727
 725336
 583384
 802469
  49929
 267811
 726601
 391293
 461501
 712125
 725880
 656212
 930063
  36297
 890806
 804951
 899083
 576107
   2074
 575786
 954785
 185672
 585517
 922105
  81248
 841549
 599466
 861431
 755787
 937010
 454131
 512862
 965622
 520961
 454894
 678717
 753601
 463747
 668165
 782118
 919493
 674889
 602800
 137576
 128910
 993385
 502085
 222233
 702913
 921403
  38362
 972779
 303222
 748849
 148853
 653255
  47247
 713766
 252000
 746415
  95410
  40192
  16106
 108449
 280233
 305562
 182817
 218669
 292883
  97882
 346469
 562342
  60443
 111460
 346373
 212504
 417710
 437675
 186031
 535650
 563023
 175032
 669316
 996621
 467321
 725579
 124952
 367689
 559462
 401341
 548432
 751119
 448919
 717525
 881350
 484373
 655259
 474326
 791262
 199850
 826465
 507047
 370428
 430186
  66225
 727673
 716768
 462541
 990181
 387310
 393541
 315942
 747808
 149491
 705950
 702641
 835108
 270722
 208910
 625342
 904302
 690546
 508516
 475947
  71076
 935800
 893024
 307894
  29584
 467439
 414928
 842346
 970150
 567335
 408452
  74808
 608714
 168723
 696189
 973459
  30539
 424033
 949841
 772740
 288329
 536635
 688294
 534199
 163163
  18193
 629221
 215214
 648558
 376938
 770462
  62811
 793653
 171181
 901242
 571337
 644845
 156806
 688326
 729682
 710100
 487486
  22651
 852606
 412212
 682497
 122867
  51311
 480311
 462692
 958118
 308685
 404095
 811330
 941241
 419873
 223973
  96464
 719101
 431879
 338862
 303018
 246703
 198407
 302865
 739559
 130044
 926840
 275020
 794650
 982036
 457363
 847475
 903823
 786542
 244650
 356886
  82562
 629876
 997595
 657367
 374053
 652182
 297035
 561036
 900096
 535958
 346836
 786889
 664252
 696344
 780704
 313403
 475906
 844943
 614795
 940312
 413425
 785018
 216400
 888259
 115559
 658931
  71506
 729762
 207729
 797492
  29252
 114398
 611011
 304151
 862952
 140836
 430264
 437030
 641272
 193285
 705656
 960608
 659008
 249978
 547592
 668571
  85386
 511458
  32283
 309422
 323722
 446125
  18626
 576845
   8918
 962251
 888294
 647883
 993461
 209606
  84399
 157842
 791629
 628930
 628616
 583115
 264158
 287998
  31285
 900339
 495235
 824739
  86312
 288871
 216778
 499871
 158281
 649431
 238990
 679555
 506119
 447436
 513878
 223202
 559700
 888080
 585841
 714541
 192087
 372264
 979764
 600333
 221609
 521796
 443500
 558096
 689631
 696643
 155471
 263395
  14352
 480290
 520303
 725452
 607949
 973523
 493520
  86467
 976567
 976310
 450918
 993826
 203254
  27810
 359846
 638182
 687473
 315401
 847545
 745829
  19898
 980067
 409064
 498531
 554150
 755230
 186795
 512436
  45469
  89023
 945854
 949475
 373593
 667877
 892393
 797391
 574601
 745282
 557185
 840272
 150439
 212585
 553544
 133188
 688206
 988572
 738376
 462186
 684123
 870450
 882591
 806789
 269330
 645126
  92925
 634929
 523739
 995917
  54925
 332474
 147458
 773212
 477817
 540752
 765934
 356807
  61439
 763383
 204552
 740599
 491090
 640811
 291655
  91561
 986087
 749600
 500027
 285605
 104726
 581490
 409758
 229396
 573504
 831189
 748173
 942893
 190849
 909002
 471576
 719510
 300837
 536101
 726796
 284353
 458928
 789278
 708532
 174275
 523455
  72803
 399967
 741260
 906155
 495683
 577026
 479586
 670154
 375408
 814142
 867190
 127169
 630530
 655688
 695659
 224027
 728168
 463088
 462332
 128809
 367646
 454493
 641343
 937587
 917874
 405097
 406131
   4996
 327482
 874075
 587059
 812912
 299319
 841822
 375485
 301601
 991616
 962529
 246353
 705382
 811822
 611863
 952713
 875226
 753585
 791696
 508827
 889145
 952997
 565267
 262768
  83023
 532143
 677921
  75379
 660699
 188045
 710705
 898711
 567741
 974702
 471942
 304963
 854827
 806075
 595238
 104387
 638960
 262967
 474105
 490007
 746619
 405916
 933255
   6402
 664791
 222740
   7837
   2901
 801053
 354118
 643760
 387370
 219757
 196610
 967323
 594263
 426741
 116864
 267899
 927735
 346656
 540560
 118750
 789518
 814278
 691611
 361714
 479320
 729448
 585982
 102330
 187701
   5585
 788657
 866617
 876935
 221335
 234839
 114235
 153862
  80071
 137738
  28212
 515289
 327963
 354541
 319866
 157763
 173851
  91779
 612769
 663221
 653046
  46052
 945221
 721098
 616077
 117116
 848076
 639165
 110593
 924386
  82348
 370200
  48747
 422410
 474996
 871965
 269049
  37986
 431728
 275486
 120720
 325871
 870067
 501676
  43573
 256560
 712722
 782337
 508611
 889229
 891969
 464875
 962520
  52035
 767866
 571893
 912274
 754207
 630594
 890262
 542181
 234182
 396627
 258307
 113582
 398451
 945692
 599402
 932290
 408458
 851090
 180760
 419645
 201028
 290348
 210064
 451876
 783121
 936696
 158532
 318259
 421050
 504089
 548178
 402364
 942409
 234144
 781338
 157657
 915011
 473512
 691079
 123935
 833887
 241974
 166552
 661835
 948935
 990791
 816551
 939069
 250294
 340350
 432017
 821907
 191589
 691902
 895650
 125999
 390408
 797484
 393929
 818709
 202437
 672514
  30291
 561114
 659901
 144104
 555623
 673613
 460563
 549291
 838392
 579788
  43547
 741847
 459758
 473804
 717162
 325056
 441091
 542104
 289793
 677631
 862062
 470282
 555055
 468733
 308704
 135594
 408735
 341678
 596117
 333902
 910665
 764081
 225915
 932483
 746155
 239732
  19232
 553834
 681871
 732618
 574668
 248841
 556959
  35026
 133462
 491180
 293957
 845732
  43700
  52396
  48504
 599081
 490652
 967670
 242386
 931157
 564829
 181094
 638435
 832573
 496955
 694338
 429863
 316092
 918618
 997311
 882747
  62583
 221484
 525729
 550859
 564994
 348795
 311332
 174767
 156603
 890849
 242299
 435036
 768356
 252872
 902549
 531789
 228703
 564743
 803380
 501198
 663496
 766175
 599506
 141400
 634998
 662941
 872648
 435529
 316264
 452334
 743396
 680779
 268531
 403726
 886505
 564572
 822858
 460027
 703472
 417468
  28793
 706149
 367128
 849408
 630175
 968863
 567644
 867959
 426100
 776116
  60373
 557821
 397675
 300346
 319564
 279036
 412651
 380426
  47138
 100439
 194774
 263847
 292264
 683155
 177044
  76170
 727814
 367155
 467928
 973829
 213955
 304432
 189026
 459998
 730424
 632595
 599394
 516329
 548169
 839524
 517899
  28816
 537792
  74772
 752971
 344765
 156291
 385979
 512421
 265872
 692592
  94074
 151976
 537779
 652073
 335396
 248685
 122634
 829557
 784103
 966462
 368705
 204932
 400712
 929172
 245439
 874971
 631937
 598576
 747091
 539421
 340540
 419029
 393339
 650928
 739855
 366443
 306107
 546058
 935409
 732506
 726827
 398889
 531768
  12996
 112089
 709388
 158833
  91469
 233817
 913135
  10837
  93252
 427243
 609811
 604245
    819
 818727
  21144
 425352
 207170
 205879
  61028
 399515
 452201
 501638
 962187
  28086
 604263
 586789
 167629
  23451
 607226
 598398
 684955
 623678
 272158
 679493
 309727
 813566
 911617
 540321
 468032
 599706
 860348
 303392
 597807
 305999
 279762
 528315
 871512
 287783
 589357
 409710
  72118
   6120
 540638
 498114
 129223
 497076
 838562
  23597
 545482
 257655
 269712
 688944
 643200
 606005
 522469
 373932
 110088
 874136
 500340
  74790
 678016
 907914
 895885
 392782
  19324
 164494
 550281
 867878
 936154
 564076
 795205
  26896
 504421
 396134
 754044
 492404
 638848
 799284
 542880
 628854
 589989
  22445
 191649
 453557
 924631
 366765
  64130
 348102
 144426
 803716
 587268
 175853
 864753
 303202
 401710
 466166
 126980
 503880
 617415
 938590
 244749
 258770
 974036
 868318
 503349
 466734
 896077
 769607
 611640
 606070
 315657
 803291
 695812
 496502
  10405
 954696
 737382
 854625
 873864
 537682
 827151
  61025
 187250
 296395
 587561
 158498
 744121
 371970
 298512
 176576
 615136
  24709
 162435
 310444
  89883
 695891
 196572
 398516
  18509
 515928
 444964
 121216
 932514
  96654
  97152
  55896
 896813
 337920
 306105
 554278
 329459
  12889
 244738
 761101
 513558
 412716
 524772
    310
 887730
 758979
 531385
 619418
  39034
 390674
 734270
 660163
 122794
 426514
  90001
 303992
 454949
 769056
 185922
 991681
 508165
 373985
 175341
  81350
 755806
 888793
 997866
 487201
 216021
 227519
 575465
 405572
 116149
 707572
 138601
 577621
 816263
 102690
 242499
 143461
 180870
 549658
 341026
 800720
  91227
 710153
 856125
 582566
 216850
 780897
 498876
 815950
 751878
 220552
 650273
 654618
  57402
 443455
   4221
  43844
 819739
 536977
 116228
 911106
 312252
 877282
 220663
  14779
 631496
 353947
 520455
 687733
 748822
 669181
 878352
 796471
 471602
   9058
 298264
 693264
 739190
 757871
 365591
 464237
 507790
 496023
 400579
 704380
 670121
  23100
 190363
 678153
 861644
 888195
 559965
 616817
 205839
  27271
 234187
 997802
 986569
 210569
 466112
 309932
 663598
 182210
 161919
 774703
 200675
  13274
 584442
 458790
 717954
 908257
 259177
 563910
 977037
 540707
 646718
 707455
 884274
  10928
  44891
 888451
 932961
 755578
 216195
 775144
 747652
 284832
 153272
 687863
 565866
 244527
 449829
 261559
 696170
 358805
 656338
 299855
 478812
 422335
 696642
 253373
  10986
 369093
 906240
 376039
 804335
  55801
 820929
 217465
 308573
 714042
 521443
 670709
  86513
 380718
 800984
 423549
 699741
 159031
 605286
 979817
 166621
 926222
 504083
 980376
 437172
 986989
 551850
 776838
 865481
 415279
  82054
 180241
 611801
 939855
 455663
 176093
 435341
 486975
 675580
 877179
 103146
 929968
 224834
 757072
 240151
 254089
 210874
 785976
 782548
 725277
 864095
 570530
 136705
 483373
 570621
 711019
 164968
 514220
 213250
 240375
 646982
 412597
 704811
 454016
 252131
 264631
 382976
 423476
 236737
 716991
 381933
 314205
 212204
 319262
 178846
 419668
 313584
 447028
 953051
 430907
 668661
 130663
  67605
 408716
 989576
 911483
 680225
 305423
 994176
  45575
 985371
 720124
 217665
 905166
 512139
  76665
 209292
 557112
  96013
 728190
 543879
 639586
 486373
 689808
 438454
 762946
 276114
 631219
 945338
 424015
  73485
 394976
  73140
  30377
 698929
 296913
 824829
 862999
 793788
 988298
 963623
 368091
 890977
 320908
 711145
 698236
 996522
 537670
 612358
 657098
  75505
 207279
 148537
 183792
 603255
 753596
   7066
 455120
 694702
 639995
 595593
 403256
 367684
 448386
 934957
 842088
 935222
 252626
 113019
 367779
 948491
 547647
  95643
 385580
 740022
 243332
 507625
 553864
 139410
 832079
 976928
 794519
 174986
  43815
 226653
 413710
 514592
 862279
 413045
 572295
 145655
 657468
 810495
 751159
 675211
 271271
 661377
 362328
 198950
 827007
 195140
 563105
 572443
 744809
 640010
 349450
 460040
  65986
 507943
 624356
 755605
 992069
 275039
 549237
 605396
 588635
 102412
 994837
 939152
 579117
  59753
 540412
 474465
 757938
 281258
  56286
 761932
 762648
 127049
 628685
 340323
 911629
 687098
   3543
 679408
 132426
 578597
 858023
 905825
 857862
 248381
 759025
 877444
 788943
 807346
 421735
 425343
 508369
 797431
 275009
 962190
 669438
 696126
 950412
 590462
 678881
  73725
 953152
 831267
 611588
 339300
 486702
 905682
 956658
 589038
 231113
 156053
 532117
 882865
 212113
 614454
 747682
 629847
 609839
 727154
 739172
 316989
 530316
 486081
 876604
 257794
  72615
 653589
 683016
 829829
 959592
 546690
 493822
 404961
  68961
 775626
 168426
 622264
  12935
 518448
 266455
 510970
 715908
 253699
 780972
 323533
 931937
 599535
 538358
 539540
 792010
 149804
 609177
 603151
 923503
 422301
 766893
 121744
 994109
 510815
 996555
 618765
 153689
  84775
 749371
 447771
 717647
  37210
 225308
 518631
 198769
 778415
 962361
  55133
 692919
 669507
 731346
 965866
 802390
 276213
 934224
 960711
 476824
 449501
 231366
 436834
 619065
 322865
 668738
 393532
 738128
 421664
  46124
 578117
  35436
 375362
 340082
 765587
 894048
 517193
 721559
 852926
 215493
 231711
 419491
 152826
 252810
 608856
 684892
 964761
 532584
   7776
 551704
 450169
 219015
 960181
 578101
 800108
 655805
 975368
   5799
 407533
 941001
 904725
 288377
  95968
 584782
 341833
    849
 402216
 658187
 359584
 453466
 864784
 696729
 933680
 829158
 659124
 154610
 907020
 701453
 733343
 637170
  79172
 382269
 221600
 997770
 877552
 455473
 815930
 800868
 251953
 104533
 306076
 173383
 823927
 602787
 415370
 750726
 611978
 547581
 425299
 583036
 937059
 575572
 836166
 462097
 421051
  44270
 998065
 457321
  31706
  96741
 263811
 706978
  27517
 486102
 277032
 776133
 539999
 445727
 685172
 315254
 972377
 819517
 771648
 932053
 853488
 110911
 368253
 107324
 699402
 845342
  14925
 175674
  97297
 861880
 566753
  21176
 523624
 660594
 781685
 844762
 168058
 449519
 909491
 964766
 230010
 299914
 651454
 326338
 174237
 950658
  65264
 749087
 751229
 191205
 974134
 524536
 778536
 392484
  19053
 489615
 865116
 420175
 533300
 128325
 470632
 342279
 867901
 163900
 281786
 132476
  15441
 507253
 577430
  13106
 263310
 995166
 725640
 159517
 772064
 640437
 847667
 362530
 400873
 497119
 660375
 133224
 776136
 740222
 983207
 364352
 210291
 542594
 580252
 201192
  56077
 868108
 721508
 523071
  98587
  46387
 765172
 993609
 889785
 548180
 101735
 764837
 428572
 635352
 738182
 520117
 724318
 837376
 676021
 598749
 210175
 298745
 181442
 892081
 123254
 981569
 707004
 778381
 172068
 756292
 499824
 826114
  23469
 147442
   4635
 463165
 588752
 616561
 905868
 670201
 340195
 173011
 633232
 686629
 978163
  42121
 689020
 313042
 915035
 726330
 939402
 750789
 230338
 201878
  15240
  33615
 942796
 334151
 580851
 376247
 882668
 720442
 260937
 786562
  64333
 410062
 658296
  91870
 866712
 862171
 777154
 293150
 333778
 532930
 121541
 513222
  52439
 156949
 713146
 719438
 981360
 117176
 483063
 419512
 210197
 697220
 887288
  77939
 291532
 880265
 989849
 365023
 694785
 432728
 665409
 326760
 133533
 579609
 899216
 381248
 794695
 231232
 614897
 187055
 516883
 264501
 985817
 171920
 281390
 285565
 940276
 488292
  92976
 688957
 725739
 280409
 856705
  97568
 351526
 815852
 273871
 184357
 415414
 923078
 671614
 880076
 282405
  66242
 547369
 660690
  39524
 744736
  75462
 694949
  73239
   2354
 323817
 995716
 178254
 194111
 275401
   2597
 698038
 119538
 455770
 907658
 530921
 129578
 928259
 499825
 487660
 487317
 850313
 295569
 601403
  88423
 125382
 596943
 720353
 471407
 379959
 713031
  23496
 566143
 729143
 196897
   4630
 514349
 757929
 225198
  34973
  36574
 375998
  73798
 334802
  60790
 579058
 758998
 278946
 111868
  10917
 624024
 375137
 597483
 262902
 271299
 859975
   4727
 338641
 857274
 982187
 101881
 405939
 434396
 750922
 599224
 879063
 856962
 440879
 253379
  94987
 865861
 418575
 367094
 715331
 825287
 138824
 605710
 642401
 233187
 181487
 199046
 752554
 853345
 227481
  16192
 910136
 239348
  97478
 567657
 711087
 382756
 953623
 968820
 736612
 316491
 441225
 572993
 910429
 559208
 993623
 488575
 799849
 682681
 767675
 237772
 749792
 621658
 844825
 628220
 413675
 103759
 405514
 980720
 417625
 912920
 541186
 855473
 546910
 376256
 883735
 870593
 629468
 457102
 301538
 139399
 252439
 799987
 472890
 691423
 435001
 191497
 681552
 127264
 805727
 679439
 545013
 840099
 131911
 413835
 576645
 417845
 971500
 153653
 513035
 545427
 883739
 288106
  80029
 589705
 447655
 631400
 862836
 573645
 674935
    247
 756422
 825004
 600713
 833115
 376463
  43346
 920854
 165707
  90073
 370890
  65929
 582892
 266982
 619767
    796
 638496
  13750
 833462
 508153
 941595
 675059
 460602
 844981
 770797
 836177
 480966
 224099
 272816
 873636
 828348
 997515
 716117
 426766
  35250
 890344
 503884
 331555
 774616
  12500
 222054
 977999
 767413
 726300
 778968
 354809
   9901
 472075
 647784
 573560
 768883
  98746
 808925
 780305
 716646
 234236
 750747
  33214
 133430
 836863
  47032
 347377
 212580
 458271
 503830
 423102
 546342
 905808
 949330
 114819
 800333
  47389
 434230
 534711
 107869
 563888
  23043
 504075
  67418
 376266
 894282
 551933
 540590
  11538
 504005
 843139
 668573
 472005
 671005
 415466
 253210
 242440
 830900
 944145
 349282
 705925
 105651
 477961
 239501
 861663
 346621
 348228
 126089
 290463
 751427
 130780
 558834
 490936
 241618
 382817
 686296
 752266
 635602
 767232
  18942
 905691
 358151
 345242
 496284
 700474
 576247
 205897
  88613
  53156
 999562
 793661
 178475
 173327
 408574
 601563
 477356
 404370
 942945
  61032
 336487
 797080
 272949
 140306
 534377
 163478
  23414
 595984
 652743
 635326
 265760
 442737
 774496
 890393
 724942
 477284
 479279
 500002
 673115
 635161
 652979
 765061
 521061
 289959
 359988
 447181
 328497
 297076
 472773
 575771
 862661
 527337
  46285
 986438
  15405
 819205
 113342
 533608
 189504
 906911
 323633
 491826
  10457
  93318
 864031
  13316
 859754
 854890
 348221
  47891
 471434
 305060
 678194
 480294
 611111
 245477
 174953
 235917
  61495
 703291
 461703
 355644
 642293
 495210
 505774
 599873
 949996
 911046
 613688
 543047
   1351
 450200
 631634
 975935
  30745
 729572
 634965
 242021
 901604
  62130
 879909
 905847
 434289
 222787
 244770
 611363
 411254
  93798
  14907
 766778
 370211
  36731
 585647
 357561
 647416
 596015
 985588
 796160
 748214
 934154
 225821
 546421
  94472
 727539
 470746
 841851
 975119
  86554
 302501
 547097
  49996
 483174
 772689
 630496
  27920
 673215
 688609
 362538
 223168
 327130
 775368
 976979
 500678
 419478
 813479
 207365
 258439
 380704
 342407
 831791
 514044
 873305
 965441
 664045
 616242
 664681
 632589
 368518
 884497
 960677
 342860
 977404
  40410
 326064
 367301
 552080
  25996
 626551
 524382
  13595
 235030
 250043
 956827
 293786
  68229
 883191
  53134
 168837
 555262
 861554
 904538
 576570
 795103
 533965
 827429
 190967
 783267
  78379
 821581
 708255
 599858
 366533
  35036
 437747
 439844
 635313
 746106
 905601
 968655
 108990
 160827
 814744
 617775
 941211
 529631
 872805
 400380
 721415
 340074
 579583
 512827
 496538
  27294
 828540
 216943
 361001
 499096
  67985
 878661
 958890
 585369
 988493
 700630
 818471
 795578
 395924
 279381
 996504
 158566
 114609
 660175
 137210
 959378
 847861
 862014
 243622
 781154
 831942
  97445
 852054
 594219
 443386
 782605
 309902
 608781
 365055
  55533
 967020
 315232
 578628
 859334
 258819
 962670
 756729
 133734
 201326
 783911
 267662
 659805
 577316
  30639
 828301
 376965
 659174
 771064
 196221
 162479
 880572
 866943
 282245
  50456
 342612
 996493
 437535
 113321
 285695
  85909
 967849
 185130
 719520
 635353
 497944
 270844
 255779
 282812
 371549
 685030
 413083
 235123
 315630
 248358
 297887
 925935
  37433
 141971
 244709
 126840
  18118
  13936
 803267
 265479
 341252
 436898
    919
 416032
 330331
 629766
 734101
 275815
   9862
 403766
 166624
  66282
  27960
 445702
 742098
  29497
 238484
 822535
 529866
 958815
 502639
 359326
 148384
 617033
 596819
 475662
