0.00145292282104
0.00302290916443
0.00223779678345
0.00151705741882
0.0032160282135
0.00190114974976
0.00145411491394
0.00323414802551
0.00183701515198
0.00141716003418
0.00322294235229
0.00186491012573
0.00142002105713
0.00318002700806
0.00187301635742
0.00143313407898
0.00314903259277
0.00214004516602
0.00145101547241
0.00295805931091
0.00184607505798
0.0117321014404
0.0032069683075
0.0024790763855
0.00161194801331
0.00332283973694
0.0049159526825
0.0014910697937
0.00328016281128
0.00197911262512
0.00147914886475
0.00374698638916
0.00200486183167
0.00141906738281
0.0030620098114
0.00183606147766
0.00148701667786
0.00304293632507
0.0019359588623
0.00140905380249
0.00305604934692
0.00168204307556
0.00688505172729
0.00302600860596
0.00188398361206
0.00172185897827
0.00369000434875
0.002436876297
0.00765800476074
0.00303316116333
0.0025200843811
0.00186514854431
0.00303411483765
0.00231099128723
0.00186395645142
0.00327515602112
0.00227904319763
0.00187587738037
0.00313997268677
0.00235486030579
0.00231385231018
0.00296092033386
0.00215697288513
0.00183200836182
0.00304889678955
0.00232100486755
0.00183892250061
0.00311493873596
0.00235891342163
0.00306582450867
0.0029239654541
0.0023250579834
0.00595092773438
0.00317716598511
0.00203204154968
0.00301289558411
0.0030689239502
0.00232791900635
0.00637102127075
0.00444793701172
0.00239491462708
0.00348877906799
0.00313687324524
0.00225901603699
0.00178813934326
0.00274896621704
0.00222086906433
0.00542998313904
0.00292110443115
0.00190687179565
0.0071542263031
0.00356101989746
0.00219702720642
0.00459289550781
0.00304794311523
0.00182008743286
0.00472116470337
0.0031099319458
0.00219583511353
0.00351095199585
0.00292992591858
0.0021550655365
0.00601506233215
0.00303888320923
0.00201988220215
0.0016028881073
0.00296378135681
0.00244092941284
0.00792407989502
0.00289416313171
0.00202393531799
0.00578284263611
0.00284504890442
0.00190210342407
0.00341701507568
0.00289416313171
0.00200700759888
0.00702500343323
0.00295996665955
0.00202083587646
0.00155901908875
0.0028121471405
0.00193691253662
0.00639796257019
0.00296020507812
0.00248003005981
0.00630402565002
0.00282502174377
0.0022451877594
0.00385308265686
0.00287294387817
0.00231981277466
0.00578784942627
0.0027379989624
0.00220894813538
0.0062689781189
0.00297999382019
0.00220704078674
0.00530815124512
0.00298595428467
0.00224494934082
0.0043511390686
0.00832796096802
0.00212693214417
0.00620889663696
0.00394201278687
0.0021231174469
0.0058000087738
0.00315999984741
0.00205707550049
0.00633597373962
0.00303912162781
0.00200700759888
0.00499105453491
0.00359797477722
0.00211906433105
0.00434184074402
0.00307893753052
0.00205183029175
0.00493001937866
0.00691199302673
0.00237894058228
0.00533509254456
0.0029559135437
0.00239610671997
0.0041651725769
0.00655102729797
0.00711917877197
0.00863194465637
0.00433897972107
0.00283789634705
0.00580191612244
0.00313711166382
0.00820899009705
0.00780820846558
0.00838804244995
0.00385308265686
0.00782608985901
0.00838494300842
0.0040431022644
0.00759887695312
0.00602197647095
0.00215697288513
0.00200510025024
0.00611305236816
0.00657296180725
0.00491714477539
0.00494694709778
0.00722885131836
0.00781798362732
0.00501680374146
0.00716209411621
0.00780200958252
0.00519394874573
0.00697803497314
0.00782299041748
0.00540900230408
0.00676298141479
0.00563597679138
0.00677084922791
0.00700092315674
0.00897479057312
0.00498390197754
0.00603485107422
0.00847196578979
0.00554895401001
0.00665807723999
0.0250961780548
0.00726509094238
0.00750708580017
0.0517780780792
0.0167148113251
0.0514299869537
0.063973903656
0.0362939834595
0.0321040153503
0.127621889114
0.032595872879
0.0877289772034
0.11566901207
0.024482011795
0.043830871582
0.131599903107
0.0277330875397
0.052609205246
0.112564086914
0.0237038135529
0.0557470321655
0.155603885651
0.0671501159668
0.00234007835388
0.0825459957123
0.00605297088623
0.00238585472107
0.0355298519135
0.00318503379822
0.00237917900085
0.00571298599243
0.00326704978943
0.00245213508606
0.00188708305359
0.00633811950684
0.00231695175171
0.00833606719971
0.00306105613708
0.00229215621948
0.00663900375366
0.00359487533569
0.00234484672546
0.00614309310913
0.00335001945496
0.0023820400238
0.0101919174194
0.00323104858398
0.00235891342163
0.00186800956726
0.00296688079834
0.00232601165771
0.00720119476318
0.00313210487366
0.00230598449707
0.00653386116028
0.00475382804871
0.00226187705994
0.00496101379395
0.00856995582581
0.0022120475769
0.00520896911621
0.00659894943237
0.00553512573242
0.00385785102844
0.00859498977661
0.00696611404419
0.00454711914062
0.00843501091003
0.00763297080994
0.00407481193542
0.00830006599426
0.0076379776001
0.00430297851562
0.00813007354736
0.00202202796936
0.00181889533997
0.00738286972046
0.00833106040955
0.00778794288635
0.00520801544189
0.00698304176331
0.00728917121887
0.00579404830933
0.00700402259827
0.00781607627869
0.00534701347351
0.00763511657715
0.00752520561218
0.0031270980835
0.00862717628479
0.107671022415
0.00297880172729
0.0213298797607
0.187790870667
0.00307893753052
0.0420022010803
0.274904966354
0.0032479763031
0.0410490036011
0.187690019608
0.00320386886597
0.0410969257355
0.119696140289
0.00367903709412
0.00230884552002
0.161918878555
0.00331091880798
0.00207614898682
0.145430088043
0.00319314002991
0.00230097770691
0.0638098716736
0.00317883491516
0.00227093696594
0.0304398536682
0.00319981575012
0.00220894813538
0.00548386573792
0.00317001342773
0.00270009040833
0.0273110866547
0.00334596633911
0.00228905677795
0.0503540039062
0.00319004058838
0.00227499008179
0.00183701515198
0.00321292877197
0.00214600563049
0.00722002983093
0.00307488441467
0.002112865448
0.00185489654541
0.00295209884644
0.00258803367615
0.00742483139038
0.00279903411865
0.00208401679993
0.00671792030334
0.00289797782898
0.00210690498352
0.00197386741638
0.00290393829346
0.00216007232666
0.0643849372864
0.00336694717407
0.00219321250916
0.00653886795044
0.00314903259277
0.00226402282715
0.0349750518799
0.00325489044189
0.00228691101074
0.00199580192566
0.00335383415222
0.00219106674194
0.0063099861145
0.00352692604065
0.00212097167969
0.00173592567444
0.00293493270874
0.00191807746887
0.0235650539398
0.00283789634705
0.00195479393005
0.0994338989258
0.00367999076843
0.00233197212219
0.101998090744
0.00329303741455
0.00228691101074
0.054416179657
0.00376605987549
0.0022029876709
0.0459899902344
0.00327301025391
0.00227999687195
0.0464649200439
0.00307106971741
0.00226902961731
0.0346429347992
0.00347089767456
0.00224208831787
0.0743238925934
0.00339198112488
0.0022931098938
0.0262868404388
0.00358700752258
0.0023250579834
0.022020816803
0.00323390960693
0.00214695930481
0.0182290077209
0.00308585166931
0.00200891494751
0.0312080383301
0.00286102294922
0.00258278846741
0.0347170829773
0.00299286842346
0.00230598449707
0.00673508644104
0.00312304496765
0.00219893455505
0.00644588470459
0.00368785858154
0.00228190422058
0.0101239681244
0.00294208526611
0.00220799446106
0.00699281692505
0.00290203094482
0.00232291221619
0.0146908760071
0.00290203094482
0.00233507156372
0.0347399711609
0.00296711921692
0.00226497650146
0.00681900978088
0.00302195549011
0.00219917297363
0.042652130127
0.003014087677
0.00208806991577
0.0469119548798
0.00301694869995
0.00246787071228
0.0308630466461
0.0029559135437
0.0289239883423
0.0837290287018
0.0029468536377
0.0213260650635
0.103718996048
0.00294780731201
0.00211787223816
0.0829510688782
0.00310778617859
0.0022919178009
0.106533050537
0.00302600860596
0.00229597091675
0.0878829956055
0.00296306610107
0.00220608711243
0.133641004562
0.00310587882996
0.00226092338562
0.121879816055
0.00322794914246
0.002277135849
0.0445990562439
0.00321817398071
0.0021800994873
0.0212321281433
0.00314497947693
0.00220489501953
0.00316405296326
0.00308299064636
0.0026478767395
0.0057110786438
0.00304317474365
0.00207090377808
0.00177407264709
0.00270104408264
0.00191688537598
0.0017409324646
0.00275206565857
0.00198292732239
0.00172519683838
0.00283694267273
0.00187087059021
0.0596420764923
0.00306701660156
0.00263714790344
0.00334310531616
0.00303602218628
0.00220084190369
0.00968790054321
0.00290989875793
0.00213217735291
0.00191307067871
0.0029559135437
0.00211000442505
0.00790691375732
0.00283598899841
0.0020489692688
0.0269649028778
0.00287103652954
0.002112865448
0.143657922745
0.00296592712402
0.00241899490356
0.058130979538
0.00297212600708
0.002286195755
0.110701084137
0.0029730796814
0.00227093696594
0.086776971817
0.00290107727051
0.00221109390259
0.0604810714722
0.00299596786499
0.0020649433136
0.0373530387878
0.00340008735657
0.00223898887634
0.00628089904785
0.00301599502563
0.00209808349609
0.00685596466064
0.0027539730072
0.00201606750488
0.00723099708557
0.00279402732849
0.00208592414856
0.00557088851929
0.00282502174377
0.00205302238464
0.0125050544739
0.00334119796753
0.00223088264465
0.0104219913483
0.00288105010986
0.00932192802429
0.00459694862366
0.00296401977539
0.0124688148499
0.159954071045
0.00296902656555
0.00224804878235
0.13120508194
0.00299501419067
0.0022759437561
0.150295972824
0.00288796424866
0.00271201133728
0.166432857513
0.00294589996338
0.00218200683594
0.0228621959686
0.00283193588257
0.00218796730042
0.00686502456665
0.00285387039185
0.00213599205017
0.0269541740417
0.00278806686401
0.00205898284912
0.00194883346558
0.00281000137329
0.0019690990448
0.00857615470886
0.00276613235474
0.00213408470154
0.037994146347
0.00292110443115
0.00219917297363
0.0518970489502
0.00288915634155
0.00217199325562
0.0549929141998
0.00283098220825
0.00224494934082
0.198885917664
0.00282001495361
0.00229406356812
0.115288972855
0.00297093391418
0.00397896766663
0.12123799324
0.00306701660156
0.0023980140686
0.0659210681915
0.00282001495361
0.00228309631348
0.0418860912323
0.00283312797546
0.00229501724243
0.0598468780518
0.00282883644104
0.00220894813538
0.0429909229279
0.00333714485168
0.00228214263916
0.0343720912933
0.00284385681152
0.00221800804138
0.0269269943237
0.00279998779297
0.0022349357605
0.00201487541199
0.0028030872345
0.00224208831787
0.00781202316284
0.00264191627502
0.00222492218018
0.00698900222778
0.0027551651001
0.00277805328369
0.00471615791321
0.00286197662354
0.00234699249268
0.00871396064758
0.00281000137329
0.00226807594299
0.00696706771851
0.00296902656555
0.00224900245667
0.00685596466064
0.00304102897644
0.00231313705444
0.00203704833984
0.00306701660156
0.00291991233826
0.00652289390564
0.00299215316772
0.00234007835388
0.00201106071472
0.00302195549011
0.00230097770691
0.0392079353333
0.00302815437317
0.00233006477356
0.0347559452057
0.00302791595459
0.00237798690796
0.0226290225983
0.0030529499054
0.00355100631714
0.0212318897247
0.00288009643555
0.00222206115723
0.06685090065
0.00285720825195
0.00218391418457
0.0429818630219
0.00283098220825
0.00220203399658
0.0514049530029
0.00284314155579
0.00231504440308
0.0224559307098
0.00287199020386
0.00228714942932
0.0307519435883
0.00332903862
0.00230002403259
0.00640487670898
0.00287103652954
0.00216913223267
0.00679206848145
0.0027449131012
0.00205016136169
0.0151891708374
0.00275707244873
0.00204396247864
0.00717806816101
0.0026159286499
0.00199484825134
0.0113949775696
0.00317406654358
0.00200700759888
0.0189099311829
0.00260901451111
0.0022029876709
0.00586104393005
0.00261902809143
0.0020809173584
0.00534820556641
0.00263810157776
0.00210404396057
0.00530791282654
0.00258588790894
0.00232100486755
0.00490689277649
0.00274300575256
0.00288200378418
0.00455284118652
0.00273108482361
0.00229096412659
0.00500583648682
0.00270295143127
0.00223803520203
0.00504207611084
0.00281095504761
0.00219178199768
0.00504803657532
0.00268411636353
0.00192594528198
0.00499701499939
0.00254106521606
0.00219893455505
0.00580096244812
0.00266695022583
0.00245404243469
0.00496387481689
0.0027060508728
0.00239586830139
0.00480389595032
0.00268507003784
0.00237393379211
0.00505805015564
0.00285506248474
0.0023729801178
0.00418901443481
0.00260615348816
0.0019998550415
0.00629305839539
0.00267314910889
0.00218200683594
0.00485897064209
0.002525806427
0.00227212905884
0.00542020797729
0.00264501571655
0.00240707397461
0.00502514839172
0.00252604484558
0.00210404396057
0.0296738147736
0.00258898735046
0.00205993652344
0.0515029430389
0.00330996513367
0.0024299621582
0.0181429386139
0.0027859210968
0.00234198570251
0.00676703453064
0.00280904769897
0.00226283073425
0.0069580078125
0.00266313552856
0.0022349357605
0.00707292556763
0.00262403488159
0.00225901603699
0.0193071365356
0.00276708602905
0.00306582450867
0.0308659076691
0.00300407409668
0.00243306159973
0.00468897819519
0.00279808044434
0.00238394737244
0.00478887557983
0.00280404090881
0.00226593017578
0.0340929031372
0.00272607803345
0.00242304801941
0.0828428268433
0.00276803970337
0.00290107727051
0.00633406639099
0.00279116630554
0.00243306159973
0.00641798973083
0.00282001495361
0.0022120475769
0.0192358493805
0.00273990631104
0.00236082077026
0.05113697052
0.0028440952301
0.0024139881134
0.00468993186951
0.00629496574402
0.00229406356812
0.00561690330505
0.00277781486511
0.00339388847351
0.00547194480896
0.00470399856567
0.00677895545959
0.00844883918762
0.00483107566833
0.00365591049194
0.00616908073425
0.00966191291809
0.0078718662262
0.0125479698181
0.00756096839905
0.00787901878357
0.00472116470337
0.00747299194336
0.00797414779663
0.0725150108337
0.00750684738159
0.00530099868774
0.00645112991333
0.00818014144897
0.00556802749634
0.0341198444366
0.00615000724792
0.00596904754639
0.00371909141541
0.00616312026978
0.00399613380432
0.0059289932251
0.00465989112854
0.00756001472473
0.00775599479675
0.00452899932861
0.00211310386658
0.0212941169739
0.00664615631104
0.00555801391602
0.00408291816711
0.00426006317139
0.00607109069824
0.00554609298706
0.00458908081055
0.00530791282654
0.0300440788269
0.00611400604248
0.00602602958679
0.00763201713562
0.00534296035767
0.00698113441467
0.0427711009979
0.00950479507446
0.00730609893799
0.00828409194946
0.00560593605042
0.00643086433411
0.168727874756
0.0029149055481
0.00860786437988
0.0875990390778
0.002849817276
0.0135300159454
0.0277659893036
0.00286602973938
0.00244808197021
0.0466449260712
0.00282001495361
0.00249314308167
0.00588297843933
0.00289082527161
0.00611281394958
0.00770807266235
0.0027711391449
0.00223898887634
0.00697016716003
0.00272512435913
0.00203704833984
0.0474359989166
0.00285482406616
0.00244688987732
0.0625550746918
0.0027801990509
0.00244092941284
0.0947730541229
0.00279593467712
0.00545001029968
0.199747800827
0.00320291519165
0.040981054306
0.171802997589
0.00303602218628
0.0132400989532
0.143714904785
0.00347399711609
0.00230121612549
0.0702068805695
0.00283598899841
0.00215101242065
0.134994029999
0.00281310081482
0.00220203399658
0.158984899521
0.00283885002136
0.00224184989929
0.106935024261
0.00303196907043
0.00232720375061
0.0266480445862
0.00286889076233
0.00272798538208
0.054309129715
0.00283908843994
0.0020740032196
0.0711460113525
0.00294280052185
0.00222611427307
0.00683498382568
0.00284504890442
0.00222587585449
0.00696897506714
0.00286984443665
0.00216102600098
0.062931060791
0.00282597541809
0.0026490688324
0.0624980926514
0.00284194946289
0.00222992897034
0.00698590278625
0.00288486480713
0.00218796730042
0.0588929653168
0.00288391113281
0.00214099884033
0.00569295883179
0.00286483764648
0.00224304199219
0.0401289463043
0.00280594825745
0.00226402282715
0.055438041687
0.00286412239075
0.00240898132324
0.00200414657593
0.00292086601257
0.00228810310364
0.00685596466064
0.00302815437317
0.00211691856384
0.00578188896179
0.00281190872192
0.00213885307312
0.00448393821716
0.00285005569458
0.00202703475952
0.0505850315094
0.00334405899048
0.00222086906433
0.0826342105865
0.00290894508362
0.00219893455505
0.0748820304871
0.00279808044434
0.00223803520203
0.114957094193
0.00282502174377
0.00224184989929
0.0421769618988
0.00290513038635
0.00224614143372
0.054505109787
0.00328898429871
0.00227189064026
0.0275390148163
0.00269198417664
0.0021710395813
0.0072009563446
0.0027539730072
0.00207710266113
0.0270409584045
0.00262188911438
0.00208115577698
0.0153820514679
0.0027551651001
0.00212407112122
0.0190169811249
0.0029308795929
0.00271987915039
0.0234358310699
0.00264000892639
0.00213408470154
0.00182890892029
0.00271797180176
0.00199413299561
0.00627899169922
0.00284695625305
0.00198316574097
0.00522398948669
0.0027539730072
0.00200080871582
0.0104720592499
0.00261402130127
0.00208401679993
0.0353860855103
0.00282406806946
0.00222396850586
0.0669229030609
0.00278306007385
0.00214815139771
0.00696396827698
0.0029399394989
0.00216698646545
0.00649404525757
0.00289583206177
0.00203204154968
0.00557494163513
0.00273704528809
0.00200700759888
0.0617129802704
0.00281405448914
0.00222706794739
0.00199508666992
0.00290489196777
0.00210189819336
0.00742506980896
0.00276613235474
0.00211000442505
0.00707697868347
0.00277090072632
0.00213885307312
0.0511438846588
0.00277900695801
0.00223398208618
0.00795602798462
0.00288200378418
0.00220894813538
0.00584316253662
0.00287079811096
0.00206899642944
0.00191688537598
0.00287699699402
0.0019428730011
0.0281338691711
0.00279307365417
0.00191402435303
0.00727009773254
0.00285410881042
0.00192713737488
0.00632786750793
0.00288701057434
0.00258302688599
0.0314199924469
0.00281810760498
0.00204014778137
0.00727915763855
0.0028989315033
0.00192189216614
0.001788854599
0.00274896621704
0.00191378593445
0.00862097740173
0.00273013114929
0.0019199848175
0.00187397003174
0.00263381004333
0.0026490688324
0.0243079662323
0.00263905525208
0.00224900245667
0.00719594955444
0.00264310836792
0.00217700004578
0.0270609855652
0.00266599655151
0.00206804275513
0.00192904472351
0.0025589466095
0.00211215019226
0.00870013237
0.00268411636353
0.00206112861633
0.00770401954651
0.00257682800293
0.00211095809937
0.0228290557861
0.00257802009583
0.00208592414856
0.0019850730896
0.00252485275269
0.00219893455505
0.008624792099
0.00271701812744
0.00217318534851
0.0150511264801
0.00267815589905
0.00218391418457
0.0151388645172
0.00341391563416
0.00219702720642
0.00194215774536
0.00289797782898
0.00209593772888
0.00750112533569
0.00270700454712
0.00208592414856
0.0431499481201
0.00278091430664
0.00227093696594
0.0148901939392
0.00292301177979
0.00214815139771
0.00691509246826
0.00332307815552
0.00201797485352
0.0225760936737
0.00280690193176
0.00202107429504
0.0473721027374
0.00290894508362
0.00234794616699
0.00202894210815
0.00281691551208
0.00220417976379
0.01553606987
0.00268816947937
0.00211000442505
0.0872559547424
0.00285792350769
0.00274109840393
0.0223917961121
0.00277900695801
0.0021550655365
0.00710082054138
0.00293207168579
0.00216507911682
0.00699710845947
0.00273895263672
0.00229096412659
0.0267808437347
0.0028829574585
0.00230693817139
0.0588400363922
0.00274205207825
0.00220608711243
0.0670530796051
0.00299596786499
0.00222110748291
0.17077088356
0.00292181968689
0.00222301483154
0.0908370018005
0.0028829574585
0.00223588943481
0.098876953125
0.0028760433197
0.00219583511353
0.134865999222
0.00292301177979
0.00215482711792
0.0834279060364
0.00290703773499
0.00220799446106
0.0344049930573
0.00278282165527
0.00225901603699
0.0300080776215
0.0027539730072
0.00212097167969
0.0240378379822
0.00273299217224
0.0020740032196
0.0604038238525
0.00282907485962
0.00212812423706
0.0098021030426
0.00320816040039
0.0021960735321
0.00182700157166
0.0027449131012
0.00209712982178
0.0439670085907
0.00277781486511
0.00222897529602
0.018933057785
0.00283694267273
0.00209283828735
0.0431180000305
0.0028350353241
0.00216817855835
0.00690793991089
0.00291585922241
0.00247406959534
0.0346460342407
0.00285220146179
0.00223994255066
0.0149600505829
0.00297117233276
0.00217509269714
0.0468471050262
0.0028190612793
0.00224614143372
0.0709321498871
0.00289607048035
0.00218486785889
0.106914997101
0.00285410881042
0.00272607803345
0.00648903846741
0.0028440952301
0.00217700004578
0.0628900527954
0.00283813476562
0.00219798088074
0.0749778747559
0.00286483764648
0.00217485427856
0.00698494911194
0.00284886360168
0.00220084190369
0.0268969535828
0.00285005569458
0.0034019947052
0.0497419834137
0.00281810760498
0.00223708152771
0.0148830413818
0.00282096862793
0.00226593017578
0.0710821151733
0.00371718406677
0.00233292579651
0.137716054916
0.0028920173645
0.00228214263916
0.106869935989
0.0029308795929
0.00220203399658
0.146857023239
0.0159208774567
0.0023398399353
0.0336480140686
0.0028760433197
0.00203204154968
0.0751900672913
0.00291013717651
0.00215005874634
0.108469009399
0.00323700904846
0.00232601165771
0.0729110240936
0.00299692153931
0.00230097770691
0.0626668930054
0.00288891792297
0.00240397453308
0.0667541027069
0.00300812721252
0.00232887268066
0.0274538993835
0.00324296951294
0.00221610069275
0.0336999893188
0.00285005569458
0.00214600563049
0.00196480751038
0.00299882888794
0.0021870136261
0.0277681350708
0.00279712677002
0.00217819213867
0.043044090271
0.00285911560059
0.0021960735321
0.00731897354126
0.00286293029785
0.00216102600098
0.0626220703125
0.00286293029785
0.00224900245667
0.0343089103699
0.00286889076233
0.00218200683594
0.00757718086243
0.00289106369019
0.00211715698242
0.014771938324
0.00281500816345
0.00245594978333
0.0307168960571
0.00273585319519
0.00204992294312
0.00189280509949
0.00274991989136
0.00199389457703
0.00181102752686
0.00277304649353
0.00208806991577
0.0529861450195
0.00289106369019
0.00223684310913
0.027902841568
0.00277996063232
0.00264000892639
0.00207209587097
0.00295805931091
0.00209498405457
0.00743699073792
0.00295615196228
0.00208115577698
0.0419979095459
0.00283598899841
0.00216102600098
0.0640461444855
0.00284910202026
0.00220012664795
0.00304698944092
0.00336194038391
0.00224614143372
0.010143995285
0.00279378890991
0.002112865448
0.00708794593811
0.00285220146179
0.00213503837585
0.00708079338074
0.0028760433197
0.00216507911682
0.00535297393799
0.00293898582458
0.00210499763489
0.0204710960388
0.00323700904846
0.00231695175171
0.00205206871033
0.00278091430664
0.00218391418457
0.00741314888
0.00275611877441
0.00211620330811
0.00195693969727
0.00285482406616
0.00210690498352
0.00818586349487
0.00293588638306
0.00212407112122
0.0354480743408
0.0028669834137
0.0022828578949
0.00638294219971
0.0028989315033
0.00216579437256
0.00686001777649
0.00279378890991
0.00211000442505
0.00195097923279
0.00283288955688
0.00222587585449
0.0481510162354
0.00280618667603
0.00224208831787
0.0349521636963
0.0028669834137
0.00216484069824
0.00675487518311
0.00288987159729
0.00216007232666
0.00493693351746
0.00274801254272
0.00213003158569
0.00913715362549
0.00288200378418
0.00205683708191
0.00708198547363
0.00284910202026
0.00244617462158
0.0227980613708
0.00276803970337
0.00215792655945
0.00705194473267
0.00274801254272
0.00219082832336
0.0112669467926
0.0027129650116
0.00212407112122
0.00327706336975
0.00275802612305
0.00219488143921
0.00510191917419
0.00274586677551
0.00253987312317
0.00473093986511
0.0030210018158
0.00203394889832
0.0144240856171
0.00290513038635
0.00199508666992
0.00183010101318
0.00279593467712
0.00207090377808
0.00844287872314
0.00276684761047
0.00202798843384
0.00588202476501
0.00385284423828
0.00209403038025
0.0113010406494
0.00269818305969
0.00200605392456
0.0073459148407
0.00258302688599
0.0019998550415
0.0113978385925
0.00253796577454
0.00208187103271
0.00738286972046
0.00268316268921
0.00203013420105
0.0153720378876
0.0028669834137
0.0021800994873
0.00696206092834
0.00290703773499
0.00226402282715
0.00207996368408
0.00272393226624
0.00214600563049
0.0201950073242
0.00276803970337
0.00228190422058
0.0105218887329
0.00278496742249
0.00209999084473
0.0151009559631
0.00282001495361
0.00224494934082
0.00752878189087
0.00280499458313
0.0021231174469
0.0104401111603
0.00279116630554
0.00199007987976
0.00728106498718
0.00271010398865
0.00201296806335
0.00721287727356
0.00274586677551
0.00202393531799
0.027163028717
0.00274395942688
0.00210213661194
0.0513730049133
0.00328588485718
0.00224590301514
0.00639700889587
0.00279998779297
0.00213813781738
0.00188899040222
0.0028338432312
0.0020809173584
0.0081422328949
0.00272297859192
0.00197219848633
0.167353868484
0.00286793708801
0.00218987464905
0.0629270076752
0.00277996063232
0.00286984443665
0.0535809993744
0.00286102294922
0.00215792655945
0.126940011978
0.00286602973938
0.00216603279114
0.174973011017
0.00282216072083
0.00218296051025
0.0629858970642
0.00287890434265
0.00219893455505
0.111814975739
0.00300908088684
0.00270199775696
0.06139087677
0.0028669834137
0.00218081474304
0.0629301071167
0.00285005569458
0.0022349357605
0.0709190368652
0.00284790992737
0.00218892097473
0.0629458427429
0.00284099578857
0.00218605995178
0.091057062149
0.00288486480713
0.00218081474304
0.0793740749359
0.0028829574585
0.00222492218018
0.00638198852539
0.00284099578857
0.00224089622498
0.00194191932678
0.00285291671753
0.00218677520752
0.0479049682617
0.00284099578857
0.00224494934082
0.00683498382568
0.00286889076233
0.00218796730042
0.0228760242462
0.00339889526367
0.00219678878784
0.0945680141449
0.0029308795929
0.00216484069824
0.00196003913879
0.00292706489563
0.00220108032227
0.00778102874756
0.00280785560608
0.00211787223816
0.00707602500916
0.00287103652954
0.00214695930481
0.0189280509949
0.00347113609314
0.00218915939331
0.00342202186584
0.00287485122681
0.00204181671143
0.00586485862732
0.00279402732849
0.00201106071472
0.0271890163422
0.002769947052
0.00200295448303
0.0473828315735
0.00286102294922
0.00219511985779
0.00698399543762
0.00290012359619
0.00267100334167
0.0143039226532
0.00286602973938
0.00208401679993
0.00191497802734
0.00280404090881
0.00208902359009
0.00827789306641
0.00272297859192
0.00214505195618
0.00191497802734
0.00281190872192
0.00216293334961
0.00821590423584
0.00279402732849
0.00209188461304
0.040139913559
0.00286984443665
0.00227689743042
0.161787033081
0.00292015075684
0.0021960735321
0.134880065918
0.00293397903442
0.0022611618042
0.106806993484
0.0028989315033
0.00215220451355
0.0349409580231
0.00283885002136
0.00220489501953
0.0154709815979
0.00285315513611
0.00225305557251
0.0040340423584
0.00271487236023
0.00211501121521
0.0063169002533
0.00276899337769
0.00215888023376
0.00192093849182
0.00279808044434
0.00209617614746
0.0354619026184
0.00281810760498
0.00221514701843
0.0480198860168
0.00288891792297
0.00244688987732
0.0695428848267
0.00282192230225
0.0294809341431
0.119699001312
0.0028088092804
0.0221328735352
0.114986896515
0.00286889076233
0.00938391685486
0.0797119140625
0.00280117988586
0.00219392776489
0.083132982254
0.0033061504364
0.0023021697998
0.0304160118103
0.00286316871643
0.00220108032227
0.0054759979248
0.00287199020386
0.00223708152771
0.0323162078857
0.00277996063232
0.00222301483154
0.0349750518799
0.00278210639954
0.0021800994873
0.00192904472351
0.00283813476562
0.00258898735046
0.0059859752655
0.00272011756897
0.00211715698242
0.0166490077972
0.00271391868591
0.00203704833984
0.00723695755005
0.00268316268921
0.00199007987976
0.00655508041382
0.00259494781494
0.00206112861633
0.0121731758118
0.0025999546051
0.00196981430054
0.055508852005
0.00297498703003
0.00221800804138
0.0266540050507
0.00294899940491
0.00222206115723
0.0571060180664
0.00296187400818
0.00220108032227
0.0687119960785
0.00293517112732
0.00233912467957
0.0546360015869
0.0028829574585
0.00235915184021
0.0112919807434
0.00314617156982
0.00216102600098
0.0741679668427
0.00290107727051
0.00218510627747
0.0614051818848
0.00279188156128
0.00216484069824
0.0645258426666
0.00281691551208
0.00213503837585
0.0310709476471
0.00282382965088
0.00212502479553
0.0109779834747
0.00339722633362
0.0022599697113
0.0142328739166
0.00293898582458
0.00205302238464
0.0149831771851
0.00283718109131
0.00210309028625
0.0150661468506
0.00288796424866
0.00207209587097
0.0751371383667
0.0029821395874
0.00222110748291
0.106840133667
0.0028920173645
0.00271511077881
0.106409072876
0.00288391113281
0.00229001045227
0.0747921466827
0.00287199020386
0.00221991539001
0.08003282547
0.00291085243225
0.00227904319763
0.081728219986
0.00288391113281
0.00226593017578
0.0547869205475
0.00282192230225
0.00274682044983
0.0824120044708
0.00281810760498
0.00223898887634
0.126940011978
0.00277304649353
0.00216293334961
0.139043092728
0.00283312797546
0.00226306915283
0.0829288959503
0.0028088092804
0.00225591659546
0.122891902924
0.00281095504761
0.00220322608948
0.0874788761139
0.00277590751648
0.00218892097473
0.0585420131683
0.00276803970337
0.00219297409058
0.0506041049957
0.00287508964539
0.00216913223267
0.0673639774323
0.00277400016785
0.00225400924683
0.115023851395
0.00284600257874
0.00221800804138
0.0629160404205
0.00332808494568
0.0023021697998
0.0503740310669
0.00275897979736
0.00221800804138
0.00526595115662
0.00295901298523
0.00223898887634
0.00480890274048
0.00305914878845
0.00200915336609
0.00493717193604
0.00281310081482
0.00196290016174
0.00483703613281
0.00334310531616
0.00198101997375
0.00513601303101
0.002769947052
0.00202488899231
0.0052330493927
0.00282001495361
0.00192189216614
0.00526285171509
0.00293302536011
0.00199294090271
0.00516891479492
0.00274896621704
0.00201606750488
0.00526213645935
0.00316500663757
0.00207185745239
0.0047619342804
0.00258612632751
0.0021641254425
0.00523495674133
0.00257802009583
0.00188302993774
0.00465297698975
0.00264811515808
0.00549817085266
0.007896900177
0.00265884399414
0.0081889629364
0.00420498847961
0.00369000434875
0.00535798072815
0.00784182548523
0.00252795219421
0.00203800201416
0.00742197036743
0.0025520324707
0.00559091567993
0.0881781578064
0.00282001495361
0.00536918640137
0.00852489471436
0.00287008285522
0.00219202041626
0.0181369781494
0.00282216072083
0.00219202041626
0.0470669269562
0.00283193588257
0.00226402282715
0.00685596466064
0.00281095504761
0.002112865448
0.0150189399719
0.00273084640503
0.0021059513092
0.0111417770386
0.00277996063232
0.00212597846985
0.0071861743927
0.00275492668152
0.00214099884033
0.0995030403137
0.00279998779297
0.00231099128723
0.134411096573
0.00275015830994
0.0022029876709
0.115857839584
0.00279903411865
0.00231003761292
0.114119052887
0.0027859210968
0.00224781036377
0.0429520606995
0.0027539730072
0.00217604637146
0.0268530845642
0.00332522392273
0.00203800201416
0.0266840457916
0.00287914276123
0.002032995224
0.0111110210419
0.00304317474365
0.00208401679993
0.035001039505
0.00285005569458
0.00214695930481
0.00701594352722
0.00285911560059
0.00208210945129
0.0350160598755
0.00276494026184
0.00278186798096
0.0744171142578
0.00290107727051
0.00221109390259
0.0388679504395
0.00282502174377
0.00220704078674
0.0228278636932
0.00292801856995
0.00202512741089
0.0472259521484
0.00286293029785
0.00221490859985
0.0108349323273
0.00277304649353
0.00269508361816
0.114550828934
0.0028030872345
0.00221109390259
0.0149300098419
0.00285482406616
0.00219798088074
0.0109598636627
0.00279593467712
0.00217604637146
0.00557589530945
0.00268697738647
0.0020649433136
0.0245599746704
0.00274181365967
0.00200295448303
0.0558738708496
0.00276803970337
0.0021059513092
0.0625801086426
0.00286197662354
0.00216698646545
0.0670161247253
0.0028920173645
0.00224614143372
0.0749001502991
0.00284099578857
0.00221180915833
0.0149428844452
0.00283694267273
0.0022280216217
0.0389189720154
0.00408816337585
0.00237107276917
0.0373430252075
0.00278210639954
0.00214505195618
0.0792050361633
0.00281715393066
0.00224494934082
0.102951049805
0.00278401374817
0.00217819213867
0.0750160217285
0.00280213356018
0.00219416618347
0.0469949245453
0.00329399108887
0.00229096412659
0.0624179840088
0.0027711391449
0.00216913223267
0.0430390834808
0.00277018547058
0.00218605995178
0.0270421504974
0.00278615951538
0.00215911865234
0.00428199768066
0.0029559135437
0.00235104560852
0.0254571437836
0.00286412239075
0.00265312194824
0.00650095939636
0.00283098220825
0.00217390060425
0.0429730415344
0.00286912918091
0.00226402282715
0.0055890083313
0.00278306007385
0.00217795372009
0.0242791175842
0.00277400016785
0.00216889381409
0.00710201263428
0.00279688835144
0.00212502479553
0.00710296630859
0.00274705886841
0.00225496292114
0.00197601318359
0.00277996063232
0.00215816497803
0.00802803039551
0.00278496742249
0.00209403038025
0.0110530853271
0.00302577018738
0.00211906433105
0.0148479938507
0.00292801856995
0.00220799446106
0.00748586654663
0.0028669834137
0.00217914581299
0.0343790054321
0.00286984443665
0.00215482711792
0.0429339408875
0.00286602973938
0.00219511985779
0.00695705413818
0.00282192230225
0.00215005874634
0.00447797775269
0.00294804573059
0.00209808349609
0.0304439067841
0.00292301177979
0.00216007232666
0.0939340591431
0.00288200378418
0.00227999687195
0.0908000469208
0.00292706489563
0.0022120475769
0.0709099769592
0.00288200378418
0.0022599697113
0.0188500881195
0.00282311439514
0.00220108032227
0.010812997818
0.00276780128479
0.00260996818542
0.0627858638763
0.00286102294922
0.00222301483154
0.0669069290161
0.00303912162781
0.00216603279114
0.0227358341217
0.00284790992737
0.00221300125122
0.131160974503
0.00301694869995
0.00219082832336
0.118563890457
0.00290298461914
0.00267910957336
0.160440921783
0.00292992591858
0.00225710868835
0.0607650279999
0.00299119949341
0.00224900245667
0.054801940918
0.00283193588257
0.0021800994873
0.0389680862427
0.00279712677002
0.0021870136261
0.0059449672699
0.00278687477112
0.00210189819336
0.0204780101776
0.00282406806946
0.00201320648193
0.0388429164886
0.00282382965088
0.0021710395813
0.0057430267334
0.00288701057434
0.00205087661743
0.0722689628601
0.00287795066833
0.00225806236267
0.0178411006927
0.00283312797546
0.00230503082275
0.0519211292267
0.00330114364624
0.00230503082275
0.0222699642181
0.00276708602905
0.00212597846985
0.0871639251709
0.00285387039185
0.00222110748291
0.106955051422
0.00291013717651
0.00227403640747
0.0547709465027
0.00293111801147
0.00217008590698
0.113695859909
0.00344586372375
0.00225806236267
0.103487014771
0.00299596786499
0.00232601165771
0.118399858475
0.00291681289673
0.00224804878235
0.027104139328
0.00289487838745
0.00223207473755
0.010880947113
0.0029718875885
0.00232982635498
0.0146148204803
0.0029079914093
0.00263214111328
0.0345361232758
0.00297999382019
0.00228214263916
0.0107328891754
0.00284886360168
0.00218391418457
0.0107650756836
0.00278306007385
0.00204420089722
0.0096321105957
0.00277614593506
0.00194406509399
0.0287280082703
0.00270795822144
0.00199007987976
0.0715141296387
0.00281000137329
0.00214600563049
0.0710649490356
0.0027768611908
0.00223183631897
0.0349290370941
0.00277709960938
0.00218510627747
0.0790059566498
0.00278091430664
0.00218820571899
0.143061876297
0.00277805328369
0.00227499008179
0.0794060230255
0.00277304649353
0.00218892097473
0.110554933548
0.00278806686401
0.00227499008179
0.0549209117889
0.00274896621704
0.00218510627747
0.0510981082916
0.00275611877441
0.00218200683594
0.0678079128265
0.00277519226074
0.00225305557251
0.0422379970551
0.00328612327576
0.00235199928284
0.00195407867432
0.00280117988586
0.0022189617157
0.00724911689758
0.00276899337769
0.0020477771759
0.00660800933838
0.0028600692749
0.00209903717041
0.00510478019714
0.00271892547607
0.00217390060425
0.00522398948669
0.00283908843994
0.00285506248474
0.00436210632324
0.00278377532959
0.00212001800537
0.00931906700134
0.00261092185974
0.00199699401855
0.0395359992981
0.00277709960938
0.0024790763855
0.0226922035217
0.00278306007385
0.00540804862976
0.00599813461304
0.00296020507812
0.00294613838196
0.00410103797913
0.00283885002136
0.00761795043945
0.0397200584412
0.00275182723999
0.00211191177368
0.00510287284851
0.0028350353241
0.00745010375977
0.0452349185944
0.00269103050232
0.00215792655945
0.0472719669342
0.00277495384216
0.00334405899048
0.021760225296
0.00280094146729
0.00207996368408
0.0472099781036
0.00271201133728
0.00216889381409
0.0751519203186
0.00280714035034
0.00225400924683
0.00195598602295
0.00274991989136
0.00229096412659
0.0278668403625
0.00274705886841
0.00209498405457
0.0195980072021
0.00275897979736
0.00219297409058
0.0479829311371
0.0027289390564
0.00208520889282
0.0377950668335
0.00283002853394
0.00216817855835
0.0670111179352
0.00282716751099
0.00226092338562
0.0679569244385
0.00281000137329
0.00230121612549
0.0538530349731
0.00332689285278
0.0022120475769
0.054456949234
0.00279188156128
0.00219297409058
0.0229108333588
0.00273203849792
0.00206899642944
0.00717687606812
0.00281000137329
0.00210285186768
0.0150208473206
0.00267195701599
0.0020170211792
0.0434429645538
0.00274205207825
0.00274610519409
0.00643396377563
0.00280404090881
0.00202918052673
0.00514793395996
0.00278186798096
0.00199604034424
0.0251669883728
0.0027129650116
0.0020170211792
0.00733685493469
0.00270891189575
0.00206398963928
0.0752990245819
0.0027539730072
0.00275993347168
0.0704560279846
0.00276017189026
0.0021710395813
0.0270910263062
0.00274014472961
0.00216913223267
0.00708699226379
0.00274705886841
0.00206184387207
0.0311579704285
0.00270199775696
0.00211501121521
0.0352041721344
0.00276613235474
0.00211620330811
0.119558095932
0.00291609764099
0.00229501724243
0.106276988983
0.00284790992737
0.0022439956665
0.16291809082
0.0030529499054
0.00229597091675
0.0786361694336
0.00286293029785
0.00223898887634
0.10289311409
0.00285911560059
0.00217604637146
0.115037918091
0.00344085693359
0.0023820400238
0.0261058807373
0.00289487838745
0.00224709510803
0.0068039894104
0.00289392471313
0.00218415260315
0.00559592247009
0.00293207168579
0.00206589698792
0.00505089759827
0.00287199020386
0.00206303596497
0.00503015518188
0.00339007377625
0.00203204154968
0.00766897201538
0.0028657913208
0.00191688537598
0.00720596313477
0.00276517868042
0.00189304351807
0.00735020637512
0.00276899337769
0.00193095207214
0.0184891223907
0.0026581287384
0.0019199848175
0.0122060775757
0.00256609916687
0.00236415863037
0.00706100463867
0.00264120101929
0.00188207626343
0.00688600540161
0.00254702568054
0.00203704833984
0.00550007820129
0.0025269985199
0.00202298164368
0.00563716888428
0.00257992744446
0.00212597846985
0.00536513328552
0.00254511833191
0.00209593772888
0.00543594360352
0.00272607803345
0.00236487388611
0.00484490394592
0.00273084640503
0.00231885910034
0.00496292114258
0.00269484519958
0.0022919178009
0.00510382652283
0.00252103805542
0.00229001045227
0.00511693954468
0.00251317024231
0.00219988822937
0.00581502914429
0.00240707397461
0.00236201286316
0.00485181808472
0.00258994102478
0.0022668838501
0.00516200065613
0.00246906280518
0.00222706794739
0.0052478313446
0.00278782844543
0.00238990783691
0.00497508049011
0.00280404090881
0.0021390914917
0.00210809707642
0.00293302536011
0.00215888023376
0.00561499595642
0.00284504890442
0.00219702720642
0.0309019088745
0.0029661655426
0.00213408470154
0.00688219070435
0.00284504890442
0.00188899040222
0.00727081298828
0.00285792350769
0.00536894798279
0.0332651138306
0.00291299819946
0.00250506401062
0.0253748893738
0.00290608406067
0.00237989425659
0.00579690933228
0.00295519828796
0.00617098808289
0.00777792930603
0.00287580490112
0.00206089019775
0.00705695152283
0.00289106369019
0.00237083435059
0.00197696685791
0.00275921821594
0.00624513626099
0.00506806373596
0.00286412239075
0.00249910354614
0.0493698120117
0.00277781486511
0.00313496589661
0.0531811714172
0.00290298461914
0.00421690940857
0.00569915771484
0.00278401374817
0.00547504425049
0.00572204589844
0.00271415710449
0.00279712677002
0.00431609153748
0.00288605690002
0.00543999671936
0.0260150432587
0.00289297103882
0.00242900848389
0.00854015350342
0.00296592712402
0.00246405601501
0.0545871257782
0.00301599502563
0.00244379043579
0.00651407241821
0.00839996337891
0.00240302085876
0.0336899757385
0.00268197059631
0.00400304794312
0.00884485244751
0.00833082199097
0.00290083885193
0.0165908336639
0.00372910499573
0.00214600563049
0.00196981430054
0.00598382949829
0.00648903846741
0.00608611106873
0.00606393814087
0.00789499282837
0.0197730064392
0.00395083427429
0.00821900367737
0.00786995887756
0.00834012031555
0.00398015975952
0.0155470371246
0.00293397903442
0.0093080997467
0.00623106956482
0.00285387039185
0.00243616104126
0.0762920379639
0.00287914276123
0.00936412811279
0.00426697731018
0.00331807136536
0.00254988670349
0.114614963531
0.00289106369019
0.0163421630859
0.139597177505
0.00287199020386
0.0535328388214
0.0917110443115
0.00286817550659
0.00938200950623
0.107638120651
0.00299406051636
0.0293619632721
0.103772163391
0.00286102294922
0.00279378890991
0.0223319530487
0.00284099578857
0.00223398208618
0.00211095809937
0.00284099578857
0.00211977958679
0.00786685943604
0.00296998023987
0.00218105316162
0.00673818588257
0.0027871131897
0.00206804275513
0.0571820735931
0.00289797782898
0.00226807594299
0.00486588478088
0.00296592712402
0.00213289260864
0.00486493110657
0.00307512283325
0.00210881233215
0.0048348903656
0.00305795669556
0.0019690990448
0.0187108516693
0.0029149055481
0.00186514854431
0.00457310676575
0.0027539730072
0.00187802314758
0.00210809707642
0.00270700454712
0.00192713737488
0.0151619911194
0.00283098220825
0.00189399719238
0.0356090068817
0.00280594825745
0.00225281715393
0.00210905075073
0.00283217430115
0.00214195251465
0.00194191932678
0.00270795822144
0.00202012062073
0.00504803657532
0.00305604934692
0.0020170211792
0.0470311641693
0.00285792350769
0.00219392776489
0.00699496269226
0.00302290916443
0.0021710395813
0.0146629810333
0.00282096862793
0.00208806991577
0.0151309967041
0.00297594070435
0.00208520889282
0.0148890018463
0.00289487838745
0.00267481803894
0.0180039405823
0.00299096107483
0.00200700759888
0.0571360588074
0.00284004211426
0.00211215019226
0.0733461380005
0.00283312797546
0.00219106674194
0.0629880428314
0.00287818908691
0.00226998329163
0.0748229026794
0.00290703773499
0.00267696380615
0.046441078186
0.00290203094482
0.00217986106873
0.110898017883
0.00292611122131
0.00220918655396
0.0468440055847
0.00285291671753
0.00219106674194
0.0429410934448
0.00281691551208
0.00224995613098
0.0469310283661
0.00286889076233
0.00335383415222
0.0777468681335
0.00364303588867
0.00224113464355
0.0941751003265
0.00290179252625
0.00218510627747
0.0548820495605
0.00293898582458
0.00223994255066
0.00197100639343
0.00291013717651
0.00220108032227
0.00200080871582
0.002769947052
0.0021378993988
0.00873398780823
0.00339412689209
0.00217604637146
0.00641584396362
0.00280904769897
0.00197696685791
0.0432560443878
0.00279808044434
0.00218200683594
0.00687885284424
0.00288701057434
0.00207901000977
0.00566601753235
0.00289487838745
0.00187587738037
0.00744485855103
0.00328707695007
0.00202608108521
0.00473093986511
0.0057098865509
0.00190401077271
0.00377702713013
0.00274300575256
0.00193285942078
0.079167842865
0.00294184684753
0.00217890739441
0.0348889827728
0.00286889076233
0.00215983390808
0.00694489479065
0.00299406051636
0.00259494781494
0.0062460899353
0.00283908843994
0.00199413299561
0.0111589431763
0.00288891792297
0.00199890136719
0.0472819805145
0.00310397148132
0.0022029876709
0.00657391548157
0.00286293029785
0.00209498405457
0.00183916091919
0.00276303291321
0.00199699401855
0.024482011795
0.00288391113281
0.00209188461304
0.00704097747803
0.00294804573059
0.00212383270264
0.0589339733124
0.00293016433716
0.00224685668945
0.0148038864136
0.0029149055481
0.00223088264465
0.0621378421783
0.00282001495361
0.00224208831787
0.0397272109985
0.00286602973938
0.0021858215332
0.00432181358337
0.00293707847595
0.00209999084473
0.00933289527893
0.00279116630554
0.00194501876831
0.0666778087616
0.00286293029785
0.00216221809387
0.0597190856934
0.00306296348572
0.00219106674194
0.00197696685791
0.0034658908844
0.0021059513092
0.00204086303711
0.00289392471313
0.0020809173584
0.0440859794617
0.00369906425476
0.00221300125122
0.00603699684143
0.00293707847595
0.00211310386658
0.00438499450684
0.0029239654541
0.0021550655365
0.0294411182404
0.00287103652954
0.00253891944885
0.0019588470459
0.00301289558411
0.002112865448
0.00751900672913
0.00294804573059
0.0021390914917
0.0228788852692
0.00294208526611
0.00205087661743
0.0831029415131
0.00288701057434
0.00217890739441
0.0709319114685
0.00285291671753
0.00266480445862
0.00193285942078
0.00299096107483
0.00210118293762
0.00196194648743
0.00288891792297
0.00210905075073
0.0244028568268
0.00284290313721
0.00217485427856
0.00484895706177
0.00283479690552
0.00207805633545
0.00525498390198
0.00278186798096
0.00213098526001
0.0854771137238
0.00287699699402
0.00223898887634
0.05650806427
0.00287508964539
0.00224590301514
0.0468270778656
0.00291895866394
0.00221920013428
0.0268099308014
0.00294589996338
0.00209784507751
0.0470309257507
0.0029411315918
0.00217509269714
0.00456309318542
0.00348687171936
0.00215983390808
0.0845968723297
0.00294184684753
0.00217199325562
0.110914945602
0.00295209884644
0.00226593017578
0.0704650878906
0.00291514396667
0.00216603279114
0.0512399673462
0.0028829574585
0.00227999687195
0.0326879024506
0.00335907936096
0.00218510627747
0.00864601135254
0.00287699699402
0.00213193893433
0.0469329357147
0.00282382965088
0.00219893455505
0.0590028762817
0.00286293029785
0.00222301483154
0.00686883926392
0.00286889076233
0.00226402282715
0.00670790672302
0.00405597686768
0.0020911693573
0.0619909763336
0.00288200378418
0.00215601921082
0.0349509716034
0.00282502174377
0.00214505195618
0.0270371437073
0.00285005569458
0.00206017494202
0.00707006454468
0.00276494026184
0.00208401679993
0.0150849819183
0.00282692909241
0.00254821777344
0.0626819133759
0.00284886360168
0.00209188461304
0.00703620910645
0.00291991233826
0.0020968914032
0.0268378257751
0.00285506248474
0.00199103355408
0.0513031482697
0.00360608100891
0.00228404998779
0.00192594528198
0.00288486480713
0.00221180915833
0.00743198394775
0.00296497344971
0.00199818611145
0.018501996994
0.00288677215576
0.00207805633545
0.00182604789734
0.00283002853394
0.00196194648743
0.00845718383789
0.00292205810547
0.00199103355408
0.0230178833008
0.00287389755249
0.00199389457703
0.0286891460419
0.00335907936096
0.00217199325562
0.00469994544983
0.00292897224426
0.00210094451904
0.0712971687317
0.00293302536011
0.00225782394409
0.078803062439
0.00295901298523
0.00216388702393
0.0908460617065
0.00292992591858
0.00214099884033
0.114939928055
0.00340104103088
0.00219798088074
0.0943858623505
0.00296187400818
0.00220990180969
0.050815820694
0.00283694267273
0.00212383270264
0.0750360488892
0.00283908843994
0.00213408470154
0.0710051059723
0.00281405448914
0.00213885307312
0.0590529441833
0.00284695625305
0.0027449131012
0.0623989105225
0.00284385681152
0.00213885307312
0.0350940227509
0.00274801254272
0.0023021697998
0.00287008285522
0.00290584564209
0.00227308273315
0.00684905052185
0.00294208526611
0.00213503837585
0.026850938797
0.00278997421265
0.00209808349609
0.0351932048798
0.00277900695801
0.00216794013977
0.00197315216064
0.00296115875244
0.00209403038025
0.00712704658508
0.00279498100281
0.00210380554199
0.0359508991241
0.00278806686401
0.00212001800537
0.00200581550598
0.00290393829346
0.00222086906433
0.00841784477234
0.00282979011536
0.00218510627747
0.00555610656738
0.00282907485962
0.00198411941528
0.00192809104919
0.00269794464111
0.0018949508667
0.00540804862976
0.00275993347168
0.00189995765686
0.047534942627
0.00281405448914
0.00222897529602
0.0749349594116
0.00342297554016
0.00241208076477
0.00609588623047
0.00297498703003
0.00220489501953
0.00186896324158
0.00290107727051
0.00200486183167
0.0159409046173
0.00289988517761
0.00197792053223
0.00714588165283
0.00286412239075
0.00204515457153
0.00706911087036
0.00296401977539
0.00258803367615
0.0144979953766
0.00294709205627
0.00214099884033
0.0749480724335
0.00290417671204
0.00225806236267
0.0828201770782
0.0028760433197
0.00226092338562
0.0668520927429
0.00287699699402
0.00219798088074
0.0909118652344
0.00286912918091
0.00270700454712
0.0784311294556
0.00292301177979
0.00214004516602
0.0669209957123
0.00288200378418
0.00212121009827
0.122992992401
0.00289487838745
0.00225186347961
0.062882900238
0.00290489196777
0.00218391418457
0.0188999176025
0.00286102294922
0.00273990631104
0.0664649009705
0.00287699699402
0.00220704078674
0.00549697875977
0.00286293029785
0.00224709510803
0.00486302375793
0.00287985801697
0.00212502479553
0.0383400917053
0.0028920173645
0.00222086906433
0.00682902336121
0.00298094749451
0.00328207015991
0.00568294525146
0.00286602973938
0.00198698043823
0.00181579589844
0.0029308795929
0.00201487541199
0.00842189788818
0.00287699699402
0.00200510025024
0.00704717636108
0.00284004211426
0.00201106071472
0.00182604789734
0.00280499458313
0.00198101997375
0.056529045105
0.00342011451721
0.00223922729492
0.146410942078
0.00292587280273
0.00225687026978
0.074835062027
0.0028440952301
0.00216197967529
0.0629858970642
0.00279688835144
0.00214290618896
0.0350060462952
0.00281500816345
0.00218200683594
0.0590491294861
0.00339007377625
0.00227808952332
0.00192403793335
0.00295996665955
0.00217199325562
0.0291550159454
0.0029079914093
0.0020899772644
0.0209789276123
0.00282001495361
0.00211095809937
0.06312084198
0.0028018951416
0.00214505195618
0.0710580348969
0.00377488136292
0.00273895263672
0.0334689617157
0.00294089317322
0.0022668838501
0.0348010063171
0.00281000137329
0.00216317176819
0.0465860366821
0.00281500816345
0.00211906433105
0.10343503952
0.00306987762451
0.00217485427856
0.102792978287
0.00289416313171
0.00214099884033
0.0469431877136
0.00289511680603
0.00219297409058
0.102937936783
0.00286412239075
0.00226211547852
0.110866069794
0.00286316871643
0.00225520133972
0.122844934464
0.00283193588257
0.00215697288513
0.0749771595001
0.00279998779297
0.00214099884033
0.159611940384
0.00287580490112
0.00223398208618
0.00462198257446
0.00286912918091
0.00228595733643
0.0245218276978
0.00287890434265
0.00218296051025
0.00546503067017
0.00287508964539
0.00212001800537
0.0443890094757
0.0027961730957
0.00217294692993
0.0189778804779
0.00338506698608
0.00204586982727
0.00235199928284
0.00300002098083
0.00213193893433
0.00210690498352
0.00304484367371
0.00203394889832
0.0759840011597
0.00303292274475
0.00217294692993
0.0429029464722
0.00288009643555
0.00221490859985
0.0068461894989
0.00289297103882
0.00274515151978
0.0059711933136
0.00296211242676
0.00199294090271
0.0312569141388
0.00291991233826
0.00200581550598
0.0392379760742
0.00279808044434
0.00214791297913
0.0630350112915
0.00285506248474
0.00218296051025
0.00695204734802
0.00284004211426
0.00284290313721
0.00187516212463
0.00289297103882
0.0020170211792
0.00734496116638
0.00279903411865
0.00203919410706
0.0353310108185
0.00292587280273
0.0022189617157
0.0058331489563
0.0028440952301
0.00219202041626
0.00494194030762
0.00275301933289
0.0020968914032
0.00229597091675
0.00269293785095
0.00198888778687
0.0230159759521
0.00285601615906
0.0019748210907
0.00714707374573
0.00278496742249
0.00196218490601
0.00725102424622
0.00274205207825
0.00202512741089
0.0353899002075
0.00284600257874
0.00220394134521
0.0428450107574
0.0034339427948
0.00219392776489
0.0263690948486
0.00283789634705
0.00206208229065
0.00703620910645
0.00295996665955
0.0020010471344
0.00327897071838
0.00267100334167
0.00197601318359
0.00186991691589
0.00278806686401
0.00196695327759
0.0366289615631
0.00332903862
0.00220918655396
0.00644397735596
0.00285696983337
0.00215411186218
0.0018630027771
0.0026319026947
0.0019998550415
0.00836610794067
0.00267100334167
0.00203418731689
0.00730013847351
0.00265908241272
0.00200319290161
0.00193810462952
0.00379610061646
0.00208806991577
0.0315821170807
0.0028350353241
0.00212597846985
0.00703501701355
0.00286197662354
0.0020911693573
0.00694298744202
0.00279784202576
0.00198602676392
0.0231540203094
0.00279903411865
0.00206995010376
0.00718808174133
0.00282311439514
0.00198912620544
0.0272009372711
0.00276207923889
0.00217294692993
0.0431158542633
0.00283408164978
0.00216197967529
0.00703191757202
0.00278091430664
0.00205707550049
0.00667119026184
0.00271201133728
0.0020318031311
0.0196309089661
0.00270509719849
0.00202393531799
0.00769686698914
0.00292682647705
0.00209903717041
0.018611907959
0.00278306007385
0.0022451877594
0.00493502616882
0.00278115272522
0.00209808349609
0.0051531791687
0.00274395942688
0.00197601318359
0.0230979919434
0.00285887718201
0.00199222564697
0.0432870388031
0.00346207618713
0.00217580795288
0.00641083717346
0.00285696983337
0.00204801559448
0.0350558757782
0.00282406806946
0.00226211547852
0.0428819656372
0.00291609764099
0.00212812423706
0.00691699981689
0.00278782844543
0.00210189819336
0.00583910942078
0.00279402732849
0.00258207321167
0.0070788860321
0.00288987159729
0.00197291374207
0.00516486167908
0.00288796424866
0.00201797485352
0.00982189178467
0.00272417068481
0.00206995010376
0.0191979408264
0.00281381607056
0.00216698646545
0.0110189914703
0.00283813476562
0.00262594223022
0.00653100013733
0.00286412239075
0.00207805633545
0.00596904754639
0.00274991989136
0.00207901000977
0.0242331027985
0.00288009643555
0.00207209587097
0.0342390537262
0.00285601615906
0.00220799446106
0.0078718662262
0.00295996665955
0.00224494934082
0.00810098648071
0.00293397903442
0.0021641254425
0.0134429931641
0.0027859210968
0.00216817855835
0.0151219367981
0.00283002853394
0.00789999961853
0.00524401664734
0.00284314155579
0.00939798355103
0.0116980075836
0.00291895866394
0.00802397727966
0.00509214401245
0.00341105461121
0.0079391002655
0.0166711807251
0.0029411315918
0.00244307518005
0.00660014152527
0.00283002853394
0.00210380554199
0.0390620231628
0.00283288955688
0.00214290618896
0.00617599487305
0.00287914276123
0.00196599960327
0.0399689674377
0.00335311889648
0.00215196609497
0.0585100650787
0.00296902656555
0.00216817855835
0.0021550655365
0.00300097465515
0.00231194496155
0.0113301277161
0.0027551651001
0.00208711624146
0.0391900539398
0.0028178691864
0.00212788581848
0.107016801834
0.00282382965088
0.00272607803345
0.0944850444794
0.00296401977539
0.00228404998779
0.0747368335724
0.00286889076233
0.0022029876709
0.0389420986176
0.00304317474365
0.00207805633545
0.134811162949
0.0029890537262
0.00229096412659
0.0507049560547
0.00296902656555
0.00217604637146
0.0988299846649
0.00297212600708
0.0023090839386
0.110735177994
0.00283813476562
0.00227403640747
0.118822813034
0.0029149055481
0.00214099884033
0.114989995956
0.00296401977539
0.00215196609497
0.0628669261932
0.00294303894043
0.00219392776489
0.127392053604
0.00292801856995
0.00231981277466
0.0781619548798
0.0029890537262
0.00229382514954
0.0547549724579
0.00306797027588
0.00217986106873
0.0707459449768
0.00291514396667
0.0021960735321
0.0588738918304
0.0028760433197
0.00218200683594
0.0520710945129
0.00296306610107
0.00219893455505
0.0337409973145
0.00278496742249
0.00214099884033
0.0469689369202
0.00284600257874
0.00305485725403
0.00192785263062
0.00294399261475
0.00226902961731
0.0870268344879
0.00320601463318
0.00228190422058
0.0544829368591
0.00301790237427
0.00284099578857
0.0981299877167
0.00296807289124
0.00216913223267
0.102845907211
0.00286602973938
0.00230598449707
0.114805936813
0.00293803215027
0.0022668838501
0.0548179149628
0.00291991233826
0.00216388702393
0.110872983932
0.00288414955139
0.0027129650116
0.0504610538483
0.00295996665955
0.00220799446106
0.0268280506134
0.00289106369019
0.00221085548401
0.0209300518036
0.00291800498962
0.00208783149719
0.00894498825073
0.0029399394989
0.0020649433136
0.0268199443817
0.00287818908691
0.00198602676392
0.0637848377228
0.00291609764099
0.00214505195618
0.00196409225464
0.00287985801697
0.00219082832336
0.00484204292297
0.00290513038635
0.00204515457153
0.0254271030426
0.00291609764099
0.00942611694336
0.00774097442627
0.00314903259277
0.009113073349
0.0317890644073
0.00348281860352
0.00861597061157
0.0157468318939
0.00292301177979
0.00204300880432
0.0591950416565
0.00296306610107
0.00217795372009
0.0508470535278
0.00289702415466
0.00219798088074
0.0070059299469
0.00305199623108
0.00220990180969
0.00202703475952
0.00346398353577
0.00208401679993
0.0549118518829
0.00293493270874
0.00212502479553
0.00688505172729
0.0028669834137
0.00200200080872
0.0150830745697
0.0027711391449
0.00201106071472
0.00725102424622
0.00285005569458
0.00202298164368
0.0431990623474
0.00288510322571
0.0027551651001
0.00479292869568
0.00284790992737
0.00694108009338
0.00396394729614
0.00266790390015
0.00764203071594
0.00535106658936
0.00281405448914
0.00232481956482
0.00674891471863
0.00281810760498
0.00540614128113
0.0321090221405
0.00286602973938
0.0092990398407
0.0158059597015
0.00292587280273
0.00212693214417
0.0068998336792
0.00290393829346
0.00220012664795
0.00671410560608
0.00277614593506
0.00199198722839
0.0513968467712
0.0029149055481
0.00234699249268
0.0266568660736
0.00279402732849
0.00218319892883
0.0155091285706
0.00286412239075
0.0021071434021
0.00314593315125
0.00283002853394
0.00208210945129
0.0264110565186
0.00286316871643
0.00201201438904
0.0138468742371
0.00285482406616
0.00198101997375
0.020378112793
0.00277495384216
0.00208616256714
0.00521492958069
0.00318288803101
0.00211906433105
0.00485396385193
0.00268507003784
0.00214290618896
0.00514006614685
0.00260090827942
0.00195908546448
0.00525212287903
0.00268983840942
0.0020158290863
0.0152559280396
0.00262880325317
0.00195908546448
0.0395650863647
0.00288510322571
0.00280117988586
0.00620818138123
0.00287318229675
0.0020489692688
0.0189909934998
0.00276112556458
0.00201511383057
0.0232241153717
0.00271010398865
0.00207996368408
0.00190591812134
0.00270318984985
0.0019690990448
0.00866103172302
0.00286293029785
0.00245094299316
0.0316760540009
0.002760887146
0.00198078155518
0.0262880325317
0.00283479690552
0.00205898284912
0.00715899467468
0.0027871131897
0.00212001800537
0.0270261764526
0.00270509719849
0.00237703323364
0.014899969101
0.00290489196777
0.00328493118286
0.00552201271057
0.00279402732849
0.00206804275513
0.00537586212158
0.00288105010986
0.00211191177368
0.033126115799
0.00275111198425
0.00221395492554
0.0309569835663
0.00283908843994
0.00219297409058
0.00428509712219
0.00277900695801
0.00211787223816
0.0063099861145
0.00276494026184
0.00214600563049
0.00643706321716
0.00275421142578
0.0019850730896
0.0433940887451
0.00275802612305
0.00226187705994
0.00695490837097
0.0028338432312
0.00211191177368
0.00698113441467
0.0028190612793
0.00203990936279
0.00713419914246
0.00326704978943
0.00202298164368
0.0186579227448
0.00275421142578
0.00201487541199
0.0072820186615
0.00272798538208
0.0020899772644
0.0352749824524
0.00281000137329
0.00229597091675
0.00694298744202
0.00287699699402
0.00210094451904
0.0288059711456
0.00271677970886
0.00260186195374
0.00471711158752
0.00283694267273
0.00194883346558
0.00526690483093
0.00282311439514
0.00199294090271
0.0249750614166
0.00270509719849
0.00196313858032
0.0355629920959
0.00280618667603
0.00220513343811
0.00548195838928
0.0028920173645
0.00249719619751
0.0401010513306
0.00278115272522
0.00233292579651
0.0588948726654
0.00280690193176
0.0022189617157
0.0019371509552
0.00296211242676
0.00219202041626
0.00784802436829
0.00281596183777
0.00220990180969
0.110936880112
0.00296783447266
0.00226497650146
0.0462110042572
0.00292706489563
0.00217604637146
0.0834348201752
0.00313186645508
0.0411629676819
0.147710084915
0.00302290916443
0.0022599697113
0.118705034256
0.00285601615906
0.00217199325562
0.126950979233
0.00280594825745
0.00224304199219
0.194939136505
0.00341081619263
0.00232005119324
0.12228012085
0.00287413597107
0.00228118896484
0.0988259315491
0.00287699699402
0.00218415260315
0.146943092346
0.0029718875885
0.00239086151123
0.062628030777
0.00297999382019
0.00222897529602
0.0507719516754
0.00334596633911
0.00229716300964
0.0463910102844
0.00289082527161
0.00217700004578
0.0349159240723
0.00279307365417
0.00221586227417
0.00696992874146
0.00292682647705
0.00224614143372
0.00676107406616
0.00288486480713
0.00217080116272
0.0309338569641
0.00277590751648
0.00269389152527
0.0386469364166
0.00283718109131
0.00225615501404
0.00658106803894
0.00283408164978
0.0021870136261
0.00504493713379
0.00274205207825
0.00203204154968
0.00521087646484
0.00274896621704
0.00212216377258
0.0151600837708
0.00296592712402
0.00201010704041
0.00332093238831
0.0029079914093
0.00225305557251
0.00196599960327
0.00277304649353
0.00218510627747
0.0236921310425
0.00285196304321
0.00217294692993
0.0269701480865
0.00284004211426
0.00219893455505
0.00696516036987
0.00281691551208
0.0020899772644
0.00244498252869
0.0028338432312
0.00219011306763
0.0332870483398
0.00285506248474
0.00217390060425
0.00531816482544
0.0028600692749
0.00206184387207
0.011020898819
0.00274896621704
0.00212001800537
0.0831990242004
0.00282216072083
0.00222301483154
0.00253295898438
0.00296401977539
0.00261688232422
0.00675392150879
0.00284004211426
0.00223898887634
0.0236530303955
0.00292587280273
0.00218391418457
0.066211938858
0.00281095504761
0.00223803520203
0.00698113441467
0.00292897224426
0.00223207473755
0.055979013443
0.00291919708252
0.00218391418457
0.00567483901978
0.00288796424866
0.00222897529602
0.00198316574097
0.00281095504761
0.00207996368408
0.00790882110596
0.00325584411621
0.00201606750488
0.00533199310303
0.00274991989136
0.00221085548401
0.00513410568237
0.00265598297119
0.00271081924438
0.0138468742371
0.0027129650116
0.0020968914032
0.0312068462372
0.00289702415466
0.00204420089722
0.00711607933044
0.00259900093079
0.00196313858032
0.0195491313934
0.00271511077881
0.00206303596497
0.103168010712
0.00303602218628
0.00275301933289
0.00603699684143
0.0028600692749
0.00219392776489
0.0391089916229
0.00283408164978
0.00223207473755
0.03493309021
0.00279116630554
0.0022439956665
0.00701117515564
0.00288200378418
0.0022599697113
0.00673389434814
0.0029239654541
0.0021710395813
0.0674479007721
0.00281190872192
0.0021870136261
0.0145020484924
0.0028281211853
0.00226807594299
0.0189349651337
0.00277280807495
0.00217795372009
0.0510039329529
0.00277185440063
0.00219297409058
0.00625801086426
0.0028018951416
0.00201106071472
0.051943063736
0.00331091880798
0.00224208831787
0.0624120235443
0.00279188156128
0.00230193138123
0.0788938999176
0.00283908843994
0.00217199325562
0.0629780292511
0.00279998779297
0.00220894813538
0.0549719333649
0.00281286239624
0.00222992897034
0.0349600315094
0.00325798988342
0.00222396850586
0.0145561695099
0.00279498100281
0.0020899772644
0.00712513923645
0.00271415710449
0.00210499763489
0.0187242031097
0.00274300575256
0.00216698646545
0.00520706176758
0.00277996063232
0.00217294692993
0.00927591323853
0.00282406806946
0.00268578529358
0.00643587112427
0.00268292427063
0.00199317932129
0.0354220867157
0.00281596183777
0.00218796730042
0.0149550437927
0.00295209884644
0.00217199325562
0.0428259372711
0.00297284126282
0.00234699249268
0.0666980743408
0.00279211997986
0.00212097167969
0.0350980758667
0.00278496742249
0.00223207473755
0.0269451141357
0.00273609161377
0.00222992897034
0.00185799598694
0.00271892547607
0.00215888023376
0.0281820297241
0.00274705886841
0.00236415863037
0.0215179920197
0.0027711391449
0.00201606750488
0.0611369609833
0.00284600257874
0.00222396850586
0.0264611244202
0.00278806686401
0.00219678878784
0.042937040329
0.00295400619507
0.00224184989929
0.0428309440613
0.00286483764648
0.00222992897034
0.0989141464233
0.00296401977539
0.00208020210266
0.0548961162567
0.0033540725708
0.00215697288513
0.0405080318451
0.00330400466919
0.00219392776489
0.00852799415588
0.00280618667603
0.00210905075073
0.00196003913879
0.00294780731201
0.00213503837585
0.0080361366272
0.00266909599304
0.00208902359009
0.00191903114319
0.00266098976135
0.00275015830994
0.0198431015015
0.00267720222473
0.00209593772888
0.0557329654694
0.00279498100281
0.00229096412659
0.0624198913574
0.00276017189026
0.00227212905884
0.10130906105
0.00283885002136
0.00220394134521
0.040708065033
0.00281286239624
0.00270199775696
0.00608611106873
0.00278401374817
0.00211095809937
0.0654978752136
0.00278806686401
0.00217080116272
0.0329518318176
0.00274395942688
0.00223898887634
0.0109050273895
0.00278186798096
0.00218415260315
0.119079113007
0.00366878509521
0.00338792800903
0.120949983597
0.00278496742249
0.00225687026978
0.0909388065338
0.00283908843994
0.00220990180969
0.142955064774
0.00276303291321
0.00226593017578
0.146982192993
0.00282597541809
0.00230193138123
0.142883062363
0.00285506248474
0.00227499008179
0.022852897644
0.00346899032593
0.00226902961731
0.00619292259216
0.0027859210968
0.00223278999329
0.00693893432617
0.0028018951416
0.00203704833984
0.0352869033813
0.0027871131897
0.00226092338562
0.0748691558838
0.00280213356018
0.00218296051025
0.00193190574646
0.00330901145935
0.00207710266113
0.00775694847107
0.00284695625305
0.00214385986328
0.0349638462067
0.0029981136322
0.00220203399658
0.0628111362457
0.00301098823547
0.00226783752441
0.00675892829895
0.00289392471313
0.00224018096924
0.034765958786
0.00286102294922
0.0027928352356
0.0343248844147
0.00291085243225
0.0020809173584
0.0429639816284
0.00288009643555
0.00223422050476
0.126960039139
0.00296711921692
0.0022509098053
0.0467231273651
0.00290608406067
0.0022611618042
0.0588619709015
0.00283694267273
0.00221800804138
0.0189509391785
0.00284600257874
0.00223803520203
0.00688290596008
0.00286316871643
0.0020580291748
0.0230159759521
0.0027539730072
0.00209593772888
0.00718879699707
0.00273704528809
0.00207304954529
0.0151290893555
0.00270199775696
0.00204110145569
0.0797979831696
0.00281500816345
0.00234413146973
0.0346281528473
0.00276708602905
0.00223898887634
0.0147180557251
0.0028030872345
0.00211811065674
0.00648593902588
0.00274300575256
0.00202202796936
0.0116817951202
0.0027449131012
0.00204586982727
0.0517899990082
0.00341606140137
0.00240302085876
0.02161693573
0.00278878211975
0.00237107276917
0.0349271297455
0.00275802612305
0.0024528503418
0.0107679367065
0.00296688079834
0.00242400169373
0.00637602806091
0.00277018547058
0.00550603866577
0.00781297683716
0.00284290313721
0.00286293029785
0.00624203681946
0.00271511077881
0.00551414489746
0.00649309158325
0.00270581245422
0.00238084793091
0.00816893577576
0.00275015830994
0.00223898887634
0.01100897789
0.00271010398865
0.00228810310364
0.00595211982727
0.00257921218872
0.00269913673401
0.0117580890656
0.00269508361816
0.00222992897034
0.0117599964142
0.00273180007935
0.00225186347961
0.0104019641876
0.0082848072052
0.00230193138123
0.00930786132812
0.00836992263794
0.00223708152771
0.00931215286255
0.00845909118652
0.00332713127136
0.0166370868683
0.00374007225037
0.00685501098633
0.00895595550537
0.00516200065613
0.00258493423462
0.0124559402466
0.00418710708618
0.00804901123047
0.00784993171692
0.00427985191345
0.00785088539124
0.0117290019989
0.00842189788818
0.00793194770813
0.00763702392578
0.00676584243774
0.00561904907227
0.00769019126892
0.00674796104431
0.0054190158844
0.00775909423828
0.00274109840393
0.00956606864929
0.0116710662842
0.0027220249176
0.0023889541626
0.0108840465546
0.00285601615906
0.00949692726135
0.00455212593079
0.00334906578064
0.00237989425659
0.069412946701
0.00278496742249
0.0175039768219
0.171590805054
0.00282502174377
0.0214951038361
0.0956859588623
0.0028510093689
0.00542783737183
0.0558040142059
0.00276207923889
0.00242519378662
0.130831003189
0.00393605232239
0.0123698711395
0.0796339511871
0.00302410125732
0.0373041629791
0.0436909198761
0.00283098220825
0.0214772224426
0.0916249752045
0.00297808647156
0.00220513343811
0.0908601284027
0.00293016433716
0.00228309631348
0.0187971591949
0.00284504890442
0.00277400016785
0.00198888778687
0.00288200378418
0.00228309631348
0.00713586807251
0.00272178649902
0.00217509269714
0.00709509849548
0.00276207923889
0.00219082832336
0.00542807579041
0.00269198417664
0.00210809707642
0.00879001617432
0.00263786315918
0.00208497047424
0.0117740631104
0.00272393226624
0.00208902359009
0.0106809139252
0.00285816192627
0.00213003158569
0.0150020122528
0.00268697738647
0.00221300125122
0.0151059627533
0.00267291069031
0.00213479995728
0.00729894638062
0.00278377532959
0.00212001800537
0.00696015357971
0.00318908691406
0.00213098526001
0.00568985939026
0.00270795822144
0.00220799446106
0.0120589733124
0.00254893302917
0.00213313102722
0.0152990818024
0.00261521339417
0.00209188461304
0.0152359008789
0.00260281562805
0.00214004516602
0.0153739452362
0.00303888320923
0.00215482711792
0.00676703453064
0.00251722335815
0.00212693214417
0.00370907783508
0.00258493423462
0.00211000442505
0.00691103935242
0.00253701210022
0.00206995010376
0.00185704231262
0.00291895866394
0.00209498405457
0.00847697257996
0.00281596183777
0.00247001647949
0.00183391571045
0.00285005569458
0.00198888778687
0.00642991065979
0.00280404090881
0.00299596786499
0.00771522521973
0.00295805931091
0.00212502479553
0.00472187995911
0.00289797782898
0.00199604034424
0.0053551197052
0.002760887146
0.00209999084473
0.00250005722046
0.00274801254272
0.00204682350159
0.00188398361206
0.00282597541809
0.00191402435303
0.0051212310791
0.00274991989136
0.00201201438904
0.0111861228943
0.0026330947876
0.00195908546448
0.00580906867981
0.00277185440063
0.00204992294312
0.00550222396851
0.00272512435913
0.00219106674194
0.0048611164093
0.00258898735046
0.0019679069519
0.0210020542145
0.00270414352417
0.00206303596497
0.00726699829102
0.00263500213623
0.00204300880432
0.0581970214844
0.00310301780701
0.00222182273865
0.00480389595032
0.00337791442871
0.00222706794739
0.00949215888977
0.00279092788696
0.00217199325562
0.0390219688416
0.00279211997986
0.00229811668396
0.00195002555847
0.00286483764648
0.0020899772644
0.00800800323486
0.00265598297119
0.00206613540649
0.111194133759
0.00279903411865
0.00283694267273
0.106418848038
0.00280594825745
0.0023148059845
0.0268530845642
0.00296807289124
0.00214719772339
0.00202107429504
0.00293207168579
0.0022029876709
0.0556468963623
0.0029149055481
0.00213193893433
0.138961076736
0.00289583206177
0.00273203849792
0.110368967056
0.00285482406616
0.00224494934082
0.158844947815
0.00297999382019
0.00228714942932
0.166769981384
0.00287413597107
0.00226211547852
0.142867088318
0.00276780128479
0.0022759437561
0.126951932907
0.00294995307922
0.00277495384216
0.0863020420074
0.00295305252075
0.002436876297
0.0745868682861
0.00292801856995
0.0024209022522
0.106543064117
0.00286602973938
0.00219202041626
0.0550098419189
0.00281095504761
0.00215315818787
0.0830020904541
0.00301599502563
0.00351285934448
0.0415320396423
0.00304293632507
0.00248980522156
0.0505180358887
0.00304102897644
0.00237607955933
0.0223948955536
0.00301599502563
0.0021870136261
0.0107729434967
0.00306391716003
0.00221991539001
0.00675702095032
0.00304818153381
0.00229716300964
0.0066819190979
0.00344085693359
0.0023820400238
0.00614881515503
0.0030779838562
0.00215601921082
0.00199890136719
0.00294899940491
0.00213003158569
0.00661206245422
0.00305604934692
0.00217914581299
0.00202298164368
0.00293111801147
0.00231981277466
0.00732898712158
0.00345492362976
0.00226092338562
0.00203204154968
0.00278782844543
0.00218296051025
0.00840210914612
0.00283813476562
0.00212693214417
0.00191593170166
0.00296878814697
0.00214409828186
0.015841960907
0.00282502174377
0.00203204154968
0.0019519329071
0.0028989315033
0.00262999534607
0.00774097442627
0.00278902053833
0.0021059513092
0.05526304245
0.00299596786499
0.0092511177063
0.0756180286407
0.00311017036438
0.00228309631348
0.0306780338287
0.00363516807556
0.00237417221069
0.115290880203
0.00322198867798
0.00244092941284
0.0810890197754
0.00300002098083
0.00237393379211
0.0824699401855
0.00307512283325
0.00223612785339
0.0667479038239
0.00299906730652
0.00242495536804
0.0585479736328
0.00295901298523
0.00233101844788
0.0427289009094
0.00295090675354
0.0023889541626
0.0627729892731
0.00305986404419
0.0024881362915
0.00213003158569
0.00311303138733
0.0023238658905
0.0467309951782
0.00310087203979
0.00244212150574
0.0064070224762
0.00301098823547
0.00219392776489
0.0068519115448
0.00296998023987
0.00236010551453
0.026563167572
0.00342416763306
0.00230121612549
0.0182840824127
0.00315690040588
0.00239491462708
0.0103919506073
0.00296187400818
0.00237393379211
0.030699968338
0.0029559135437
0.00220894813538
0.00681495666504
0.00304388999939
0.00217604637146
0.0267751216888
0.00320482254028
0.0028121471405
0.0339870452881
0.00302004814148
0.00227904319763
0.00588607788086
0.00302982330322
0.00233006477356
0.0794308185577
0.00309705734253
0.00235080718994
0.0584540367126
0.00306105613708
0.00236916542053
0.0346930027008
0.0031270980835
0.00278091430664
0.00614190101624
0.00302791595459
0.00232100486755
0.0046648979187
0.0028600692749
0.00225615501404
0.00494289398193
0.00314402580261
0.00216484069824
0.00462293624878
0.00306391716003
0.00207996368408
0.032646894455
0.00298309326172
0.00237488746643
0.00711798667908
0.00309991836548
0.002436876297
0.0098659992218
0.00289106369019
0.00225710868835
0.00208711624146
0.00300097465515
0.00215411186218
0.0155880451202
0.00294804573059
0.00225210189819
0.0510029792786
0.00303792953491
0.00240898132324
0.00567603111267
0.00334906578064
0.0022189617157
0.0020968914032
0.00283408164978
0.00227999687195
0.00722193717957
0.00288510322571
0.00224804878235
0.0396280288696
0.00291919708252
0.00238108634949
0.00660610198975
0.00310802459717
0.00231909751892
0.00651288032532
0.00355792045593
0.00222706794739
0.00589895248413
0.00294280052185
0.00217604637146
0.00499796867371
0.00310182571411
0.00216102600098
0.00523996353149
0.00277400016785
0.00212287902832
0.0186741352081
0.00291800498962
0.00227212905884
0.0150191783905
0.00397706031799
0.00224995613098
0.00199890136719
0.0028829574585
0.00214600563049
0.00272607803345
0.00287103652954
0.00204992294312
0.00514602661133
0.0028088092804
0.00201487541199
0.020879983902
0.00261807441711
0.00203204154968
0.0153419971466
0.0026638507843
0.00198984146118
0.0234589576721
0.00259780883789
0.00221395492554
0.0311679840088
0.0026490688324
0.00211215019226
0.00626993179321
0.00274705886841
0.00209593772888
0.0320999622345
0.00282907485962
0.00213408470154
0.00703310966492
0.00270700454712
0.00207495689392
0.00240421295166
0.00262188911438
0.00292587280273
0.00725102424622
0.00282621383667
0.00208497047424
0.0511338710785
0.00282597541809
0.00217914581299
0.0470039844513
0.00283718109131
0.00220894813538
0.00592088699341
0.00284886360168
0.00215291976929
0.0318539142609
0.00322699546814
0.00209593772888
0.0309989452362
0.00292181968689
0.00195097923279
0.00758600234985
0.00359511375427
0.00242114067078
0.00937819480896
0.0029079914093
0.00236201286316
0.00192713737488
0.00286412239075
0.00214695930481
0.0236968994141
0.00294899940491
0.00281000137329
0.00623989105225
0.00285315513611
0.0021059513092
0.0148968696594
0.00283288955688
0.00205993652344
0.0100839138031
0.00276017189026
0.00199699401855
0.0604050159454
0.00277018547058
0.00224900245667
0.0389778614044
0.00283598899841
0.00268602371216
0.00198292732239
0.00279498100281
0.00213813781738
0.00753092765808
0.0029239654541
0.00213098526001
0.0308771133423
0.00264501571655
0.00218892097473
0.0212190151215
0.00278902053833
0.00219988822937
0.00501680374146
0.00294303894043
0.00221800804138
0.00481581687927
0.00275993347168
0.00202298164368
0.0331389904022
0.00282597541809
0.00207304954529
0.00716495513916
0.00290703773499
0.00211191177368
0.0308079719543
0.0028350353241
0.00211000442505
0.00712609291077
0.00276803970337
0.00217199325562
0.0277121067047
0.00332999229431
0.00226902961731
0.00986695289612
0.00278401374817
0.00223708152771
0.0389077663422
0.00289607048035
0.00222110748291
0.00194597244263
0.00270080566406
0.00228691101074
0.00793600082397
0.00267791748047
0.00212597846985
0.0164501667023
0.00336909294128
0.00213599205017
0.0732400417328
0.00274896621704
0.00225496292114
0.001953125
0.00291705131531
0.00210499763489
0.00568890571594
0.00271582603455
0.00209808349609
0.0535519123077
0.00303101539612
0.00221800804138
0.0745871067047
0.00291109085083
0.00278496742249
0.0903539657593
0.00284099578857
0.00224804878235
0.246802091599
0.00307297706604
0.00222706794739
0.102773189545
0.00296092033386
0.00228691101074
0.0827789306641
0.00290393829346
0.00252079963684
0.106616020203
0.00310707092285
0.00245404243469
0.0664141178131
0.00295615196228
0.0023090839386
0.0106329917908
0.00285005569458
0.00224590301514
0.00685596466064
0.00277614593506
0.00198197364807
0.00322985649109
0.00279998779297
0.00204920768738
0.00193095207214
0.00286984443665
0.00214409828186
0.03746509552
0.00294399261475
0.00220084190369
0.0496878623962
0.00284194946289
0.00258183479309
0.00652194023132
0.00293707847595
0.00257515907288
0.00603294372559
0.00280284881592
0.00579190254211
0.0277268886566
0.0028989315033
0.00954484939575
0.0169548988342
0.00304007530212
0.00781393051147
0.0117259025574
0.00300097465515
0.00231194496155
0.0748579502106
0.0029091835022
0.00265908241272
0.00642490386963
0.00300192832947
0.00782895088196
0.00907588005066
0.00286293029785
0.00818586349487
0.0089328289032
0.00333595275879
0.00247597694397
0.0213031768799
0.002681016922
0.026458978653
0.0796720981598
0.00299906730652
0.0093138217926
0.0915949344635
0.00294899940491
0.00215697288513
0.0710570812225
0.00288510322571
0.00218415260315
0.0663290023804
0.00288891792297
0.00273895263672
0.0189521312714
0.00290012359619
0.0021710395813
0.0148730278015
0.00288009643555
0.00200915336609
0.051206111908
0.00280022621155
0.00218296051025
0.00689005851746
0.0028510093689
0.00203585624695
0.0230629444122
0.00278306007385
0.00207996368408
0.0713679790497
0.00289392471313
0.00219988822937
0.00493216514587
0.00289702415466
0.00224089622498
0.00489807128906
0.00282406806946
0.00210404396057
0.00502300262451
0.00282287597656
0.00199294090271
0.0288751125336
0.0027060508728
0.00207805633545
0.0077428817749
0.00274395942688
0.00198698043823
0.0469100475311
0.00279188156128
0.00218605995178
0.00186491012573
0.00283408164978
0.00211191177368
0.00798797607422
0.00261902809143
0.00201201438904
0.0434889793396
0.00281810760498
0.0022599697113
0.034866809845
0.00333404541016
0.0022189617157
0.0185239315033
0.00280117988586
0.00203800201416
0.00182318687439
0.00284004211426
0.00210499763489
0.0162560939789
0.00278210639954
0.00201296806335
0.0832529067993
0.00289607048035
0.00221610069275
0.0789818763733
0.00292801856995
0.00289392471313
0.0303502082825
0.00287294387817
0.00215792655945
0.0588791370392
0.0028760433197
0.00236511230469
0.00666403770447
0.00272297859192
0.00213718414307
0.0263850688934
0.00289607048035
0.00214099884033
0.00508904457092
0.00282192230225
0.0027289390564
0.0209848880768
0.00272393226624
0.00214600563049
0.00355100631714
0.00280714035034
0.00215792655945
0.00657391548157
0.00281691551208
0.0021960735321
0.00694799423218
0.00274705886841
0.00193691253662
0.0112640857697
0.00285911560059
0.00198698043823
0.00621891021729
0.00283002853394
0.002121925354
0.0441069602966
0.00287485122681
0.00221300125122
0.00701808929443
0.0026490688324
0.00228905677795
0.0269558429718
0.0025749206543
0.00309205055237
0.00639581680298
0.00273203849792
0.00205016136169
0.0149879455566
0.00312805175781
0.00210094451904
0.00536298751831
0.00254797935486
0.00196003913879
0.0410389900208
0.00260400772095
0.00217223167419
0.0392239093781
0.00287699699402
0.00222420692444
0.00188493728638
0.00285291671753
0.00211191177368
0.00792479515076
0.00311899185181
0.00200080871582
0.0307409763336
0.00266122817993
0.00194001197815
0.00749707221985
0.00254082679749
0.00204396247864
0.0674982070923
0.00277400016785
0.00216722488403
0.0469880104065
0.00281286239624
0.00209593772888
0.0750842094421
0.00341510772705
0.00215816497803
0.0704181194305
0.00286316871643
0.00219702720642
0.118997812271
0.00289797782898
0.00214600563049
0.0709400177002
0.00284099578857
0.00218605995178
0.0589640140533
0.00288701057434
0.00225901603699
0.0628850460052
0.00398206710815
0.00222492218018
0.037750005722
0.00275206565857
0.00211191177368
0.068051815033
0.0028440952301
0.00215101242065
0.0500011444092
0.00277614593506
0.00218296051025
0.107014894485
0.00278306007385
0.00229382514954
0.0949549674988
0.00291013717651
0.00234818458557
0.0668041706085
0.00287008285522
0.0022451877594
0.00197696685791
0.00297999382019
0.00231099128723
0.0755319595337
0.00278401374817
0.00221705436707
0.00699400901794
0.00275588035583
0.00218391418457
0.00185298919678
0.00279211997986
0.00198912620544
0.0368881225586
0.00277996063232
0.00214791297913
0.00658297538757
0.00281310081482
0.00207805633545
0.00192999839783
0.00267100334167
0.00217914581299
0.0402801036835
0.00275707244873
0.00216293334961
0.00541210174561
0.00290298461914
0.00207805633545
0.0327210426331
0.00325679779053
0.00223994255066
0.0344250202179
0.00277900695801
0.00218605995178
0.00194907188416
0.00277185440063
0.00231385231018
0.00803184509277
0.0026969909668
0.00212097167969
0.0631079673767
0.00280714035034
0.0022280216217
0.0870399475098
0.00294995307922
0.00271606445312
0.00484800338745
0.00291204452515
0.00230383872986
0.0442080497742
0.0029149055481
0.00240683555603
0.0427181720734
0.00279211997986
0.00222611427307
0.00701498985291
0.00288796424866
0.00219511985779
0.126855134964
0.00370192527771
0.00279998779297
0.00551795959473
0.00281810760498
0.00228905677795
0.0508477687836
0.00284385681152
0.00219893455505
0.110949993134
0.00287914276123
0.00228905677795
0.00505113601685
0.00294518470764
0.00232696533203
0.00465989112854
0.00283217430115
0.00210809707642
0.00562906265259
0.002690076828
0.00212407112122
0.0324420928955
0.00273513793945
0.0022120475769
0.00192809104919
0.00277209281921
0.00212717056274
0.024099111557
0.00274395942688
0.00220799446106
0.147105932236
0.00279402732849
0.00218796730042
0.0790178775787
0.00335288047791
0.0023410320282
0.0262989997864
0.00277090072632
0.00219893455505
0.0350580215454
0.00269293785095
0.00211596488953
0.0632040500641
0.00279211997986
0.00220012664795
0.0019359588623
0.00285601615906
0.00221705436707
0.00798606872559
0.00323295593262
0.00215005874634
0.0104198455811
0.00277781486511
0.00203585624695
0.0673549175262
0.00282406806946
0.0022931098938
0.0533859729767
0.00289583206177
0.00215411186218
0.028480052948
