0.00204300880432
0.00253081321716
0.00268602371216
0.00207686424255
0.00255393981934
0.00211095809937
0.00191116333008
0.00247812271118
0.00228881835938
0.00192999839783
0.00261688232422
0.00233697891235
0.00196123123169
0.00240206718445
0.00216579437256
0.00190806388855
0.00263977050781
0.00260901451111
0.00184106826782
0.00248599052429
0.00220704078674
0.00192499160767
0.00265502929688
0.00213599205017
0.00184798240662
0.0024688243866
0.00221705436707
0.00176811218262
0.00260996818542
0.00222301483154
0.00179481506348
0.00285696983337
0.00209903717041
0.00179600715637
0.00240206718445
0.00573205947876
0.00174999237061
0.00246000289917
0.00203514099121
0.00188302993774
0.002366065979
0.00215411186218
0.00206089019775
0.0023820400238
0.0023820400238
0.00212001800537
0.00272178649902
0.00238490104675
0.0020489692688
0.00247097015381
0.00227808952332
0.00192594528198
0.00232911109924
0.00223779678345
0.00194311141968
0.00225186347961
0.00226497650146
0.00194501876831
0.00230503082275
0.00224900245667
0.00317001342773
0.00274300575256
0.00231599807739
0.00204801559448
0.00248694419861
0.00228118896484
0.00202012062073
0.00247502326965
0.00236320495605
0.00211811065674
0.00243210792542
0.0023889541626
0.00204682350159
0.00249910354614
0.00234699249268
0.00303101539612
0.00258302688599
0.00227999687195
0.00194096565247
0.00247001647949
0.00221800804138
0.00192904472351
0.00256514549255
0.00214004516602
0.00184011459351
0.00259304046631
0.00214290618896
0.0018150806427
0.00254583358765
0.00215411186218
0.00186204910278
0.0029661655426
0.00207304954529
0.0018470287323
0.00250196456909
0.002121925354
0.00183701515198
0.00246405601501
0.00220203399658
0.00189399719238
0.00646805763245
0.00207281112671
0.00360202789307
0.00244998931885
0.00228118896484
0.00179195404053
0.00266695022583
0.00261211395264
0.00180697441101
0.00263905525208
0.0020170211792
0.007728099823
0.00255990028381
0.00209498405457
0.00417590141296
0.00253105163574
0.00187516212463
0.00359487533569
0.002681016922
0.00212788581848
0.00269293785095
0.0024778842926
0.00233006477356
0.00263714790344
0.00269794464111
0.00238990783691
0.00200891494751
0.00272607803345
0.00244522094727
0.00202107429504
0.00262689590454
0.00223994255066
0.00346398353577
0.00266790390015
0.00231790542603
0.00494503974915
0.00244903564453
0.0022828578949
0.00583791732788
0.0025269985199
0.00237894058228
0.0019850730896
0.00237417221069
0.00235319137573
0.00544214248657
0.00237417221069
0.00231885910034
0.00727605819702
0.00245404243469
0.00223207473755
0.00595211982727
0.00238704681396
0.00235509872437
0.00524282455444
0.00276899337769
0.00237584114075
0.00496315956116
0.00237607955933
0.00227785110474
0.00530290603638
0.00237512588501
0.00234413146973
0.00539994239807
0.00244808197021
0.00248003005981
0.00509309768677
0.00243496894836
0.00223612785339
0.00531911849976
0.00239896774292
0.0028600692749
0.00481796264648
0.00244307518005
0.0023410320282
0.00524997711182
0.00237083435059
0.00228404998779
0.00541400909424
0.00262308120728
0.00231218338013
0.00508809089661
0.00257396697998
0.00221991539001
0.00522089004517
0.00249409675598
0.00262999534607
0.00483989715576
0.00269484519958
0.00217700004578
0.00527000427246
0.00251793861389
0.00212693214417
0.00530791282654
0.00250387191772
0.00228810310364
0.00536799430847
0.00260019302368
0.00222396850586
0.00509595870972
0.00251793861389
0.00221610069275
0.00581502914429
0.00242400169373
0.00201892852783
0.00189185142517
0.00240111351013
0.00205612182617
0.00714492797852
0.00244188308716
0.002112865448
0.00713801383972
0.00239682197571
0.00216293334961
0.00549006462097
0.00252294540405
0.00243592262268
0.00525498390198
0.0028669834137
0.00316691398621
0.00393986701965
0.0025041103363
0.00232911109924
0.00520920753479
0.00258207321167
0.00289392471313
0.00197887420654
0.00260400772095
0.00216889381409
0.00767683982849
0.00264811515808
0.00239682197571
0.00526404380798
0.00308084487915
0.00234508514404
0.00460290908813
0.00259804725647
0.00228309631348
0.00515985488892
0.00250196456909
0.00224804878235
0.00495409965515
0.0025691986084
0.00216817855835
0.00555014610291
0.00261306762695
0.00223708152771
0.00518703460693
0.00312399864197
0.00229477882385
0.00458097457886
0.00258994102478
0.00229001045227
0.00517702102661
0.00256705284119
0.00225186347961
0.00515198707581
0.00264096260071
0.00212788581848
0.00453209877014
0.00264596939087
0.00218105316162
0.00600695610046
0.0070481300354
0.00224685668945
0.00817394256592
0.00293707847595
0.00215482711792
0.00639510154724
0.00760006904602
0.00239992141724
0.00662016868591
0.00489211082458
0.00717997550964
0.00783181190491
0.00522899627686
0.00703907012939
0.00281810760498
0.00889801979065
0.00815391540527
0.00312614440918
0.00897812843323
0.00802206993103
0.00302290916443
0.00899291038513
0.00530505180359
0.00582718849182
0.00871109962463
0.00802779197693
0.00334215164185
0.00862908363342
0.00356793403625
0.00789403915405
0.00262904167175
0.00238394737244
0.00369501113892
0.00260519981384
0.00250220298767
0.00628709793091
0.0085141658783
0.00798177719116
0.00359201431274
0.00831294059753
0.0079779624939
0.00381684303284
0.00820994377136
0.00797605514526
0.00389099121094
0.0080840587616
0.00372505187988
0.00816607475281
0.00843501091003
0.00771808624268
0.00408911705017
0.00797986984253
0.00787210464478
0.00422382354736
0.0078330039978
0.00224995613098
0.00209498405457
0.00774693489075
0.00779891014099
0.00796699523926
0.0121128559113
0.00381708145142
0.00802206993103
0.00824189186096
0.00792908668518
0.00463485717773
0.00749397277832
0.00788187980652
0.00471997261047
0.0072910785675
0.00236701965332
0.0020899772644
0.0075740814209
0.00222015380859
0.00198197364807
0.00685906410217
0.00220680236816
0.00200390815735
0.00587105751038
0.00703287124634
0.00329685211182
0.00854110717773
0.00778198242188
0.007807970047
0.00570201873779
0.00641798973083
0.00328803062439
0.00890398025513
0.0077440738678
0.00342917442322
0.00877618789673
0.00791096687317
0.00344300270081
0.00863599777222
0.00785112380981
0.00396299362183
0.00812792778015
0.00239396095276
0.00210404396057
0.00359082221985
0.00366806983948
0.00804305076599
0.00816702842712
0.00386714935303
0.00794196128845
0.00822806358337
0.00398302078247
0.00783514976501
0.00812697410583
0.00403499603271
0.00781393051147
0.00812196731567
0.00405406951904
0.00779914855957
0.0081901550293
0.00431704521179
0.00746488571167
0.00822591781616
0.00431799888611
0.00744700431824
0.00820112228394
0.00445103645325
0.00734806060791
0.00280594825745
0.00243091583252
0.00675201416016
0.00336408615112
0.00227284431458
0.00492596626282
0.00269293785095
0.00212693214417
0.00458788871765
0.0028989315033
0.00215911865234
0.00565814971924
0.00277185440063
0.00210690498352
0.00515198707581
0.00266790390015
0.002121925354
0.0020170211792
0.00265002250671
0.00261282920837
0.00202894210815
0.00275087356567
0.00226807594299
0.021075963974
0.00280904769897
0.00235486030579
0.00983881950378
0.0027379989624
0.00307106971741
0.00600600242615
0.00273704528809
0.0021538734436
0.00718688964844
0.00264000892639
0.00209784507751
0.0233180522919
0.00280690193176
0.0021960735321
0.00204801559448
0.00276207923889
0.00222897529602
0.00794219970703
0.00274705886841
0.00226187705994
0.00205397605896
0.00274705886841
0.00218391418457
0.00797390937805
0.00267505645752
0.00213003158569
0.0023980140686
0.00266695022583
0.0020170211792
0.0480711460114
0.00286722183228
0.00243210792542
0.0347099304199
0.00497388839722
0.00237798690796
0.00690984725952
0.002925157547
0.00217914581299
0.00493121147156
0.00267100334167
0.00219202041626
0.00422787666321
0.0028669834137
0.00219178199768
0.0053870677948
0.002769947052
0.00211596488953
0.00559902191162
0.00273299217224
0.00224089622498
0.00507998466492
0.00272393226624
0.00204920768738
0.0106279850006
0.00269389152527
0.00233006477356
0.00972485542297
0.00271105766296
0.00275897979736
0.00467300415039
0.00270414352417
0.00231003761292
0.0100319385529
0.0026330947876
0.0022759437561
0.00721383094788
0.00264501571655
0.00213885307312
0.00701403617859
0.00256896018982
0.00228190422058
0.0365428924561
0.00265097618103
0.00287508964539
0.00453686714172
0.00281095504761
0.00235104560852
0.00490117073059
0.00262904167175
0.00212407112122
0.0097758769989
0.00265908241272
0.00208497047424
0.00727415084839
0.00258898735046
0.00217008590698
0.00192189216614
0.00320792198181
0.00213003158569
0.00486779212952
0.00279498100281
0.00223207473755
0.00619196891785
0.00275802612305
0.0022120475769
0.00684499740601
0.00269508361816
0.00218987464905
0.0134470462799
0.00268387794495
0.00222706794739
0.00866413116455
0.00261187553406
0.00198292732239
0.00733184814453
0.00319695472717
0.0021710395813
0.00484299659729
0.00268316268921
0.00223517417908
0.00510907173157
0.00267601013184
0.00226283073425
0.00516295433044
0.00282788276672
0.00214314460754
0.00494909286499
0.00296497344971
0.00219988822937
0.00485801696777
0.00311303138733
0.00224304199219
0.00463891029358
0.00276708602905
0.00211215019226
0.00518178939819
0.00266695022583
0.00222301483154
0.00518083572388
0.00262808799744
0.00217008590698
0.00517392158508
0.00263404846191
0.00200796127319
0.0048930644989
0.00265002250671
0.0023980140686
0.00545597076416
0.00262999534607
0.00213003158569
0.00527000427246
0.00284194946289
0.00221300125122
0.00521993637085
0.00260400772095
0.00221085548401
0.00519609451294
0.00268578529358
0.00223803520203
0.0102598667145
0.00254106521606
0.0019679069519
0.00642991065979
0.00263810157776
0.00207209587097
0.00822901725769
0.00258994102478
0.00199389457703
0.00201606750488
0.00250482559204
0.00208592414856
0.00486588478088
0.00255107879639
0.00210094451904
0.00738000869751
0.00257110595703
0.00200819969177
0.00478100776672
0.00258708000183
0.00221300125122
0.00586891174316
0.00272607803345
0.002277135849
0.00212502479553
0.004390001297
0.00312805175781
0.00201010704041
0.00264692306519
0.00219893455505
0.0019588470459
0.0026319026947
0.00209808349609
0.00496411323547
0.00305199623108
0.00202679634094
0.00494503974915
0.00244116783142
0.00203800201416
0.00558304786682
0.00244903564453
0.0020649433136
0.0018470287323
0.00251197814941
0.00217485427856
0.00751304626465
0.00253105163574
0.00231409072876
0.00182414054871
0.0024311542511
0.00255417823792
0.0054919719696
0.00268721580505
0.0022439956665
0.00604510307312
0.00255608558655
0.00228786468506
0.00706505775452
0.00272703170776
0.00223302841187
0.00204205513
0.00279903411865
0.00214600563049
0.00804305076599
0.00284600257874
0.00293278694153
0.0162000656128
0.00284004211426
0.00220203399658
0.00487089157104
0.00291109085083
0.00215816497803
0.00500702857971
0.00288009643555
0.00222611427307
0.00495195388794
0.00279688835144
0.0021059513092
0.00513386726379
0.003751039505
0.00333023071289
0.00299501419067
0.00266003608704
0.00205898284912
0.00519180297852
0.00277304649353
0.00198888778687
0.00495290756226
0.0027129650116
0.00216102600098
0.00544619560242
0.00265216827393
0.00208210945129
0.00496888160706
0.00261092185974
0.00210309028625
0.00565695762634
0.00320887565613
0.00198006629944
0.00481796264648
0.00252413749695
0.00285410881042
0.001788854599
0.00254487991333
0.00209403038025
0.00180196762085
0.00245499610901
0.00200605392456
0.00539708137512
0.00245213508606
0.00202083587646
0.00183391571045
0.00290513038635
0.00197410583496
0.00501608848572
0.00265884399414
0.00224208831787
0.00585293769836
0.00267505645752
0.00197100639343
0.00521397590637
0.00251698493958
0.00211906433105
0.00184893608093
0.00262713432312
0.0021378993988
0.00342988967896
0.00264406204224
0.00239896774292
0.0073721408844
0.00248098373413
0.00201511383057
0.00748515129089
0.00261497497559
0.00201606750488
0.00193190574646
0.00255703926086
0.00192785263062
0.0049901008606
0.00246596336365
0.00201511383057
0.0049569606781
0.00237512588501
0.00196003913879
0.00618004798889
0.00237894058228
0.00216007232666
0.00748419761658
0.00234413146973
0.00212001800537
0.00190401077271
0.00243186950684
0.0023820400238
0.00903677940369
0.00258493423462
0.00232696533203
0.00376510620117
0.00238108634949
0.00229001045227
0.00707387924194
0.002445936203
0.00224685668945
0.00197815895081
0.00262212753296
0.00213384628296
0.00791811943054
0.00276303291321
0.0021870136261
0.00696897506714
0.00260615348816
0.00207901000977
0.00703001022339
0.00272488594055
0.00198888778687
0.00192999839783
0.00310397148132
0.00212383270264
0.0083019733429
0.00261902809143
0.00212383270264
0.00525212287903
0.00242018699646
0.00208616256714
0.00542497634888
0.00260496139526
0.00192713737488
0.00555205345154
0.00255393981934
0.00202202796936
0.00549817085266
0.00256705284119
0.00242400169373
0.00506114959717
0.00264716148376
0.0019211769104
0.00521016120911
0.00260019302368
0.00207710266113
0.00179409980774
0.00264000892639
0.00190711021423
0.00898885726929
0.00265908241272
0.00196194648743
0.00445508956909
0.0027711391449
0.00235915184021
0.00573015213013
0.00269818305969
0.00203895568848
0.00576901435852
0.00266194343567
0.00185489654541
0.00491499900818
0.00255107879639
0.00191497802734
0.00606107711792
0.00253391265869
0.0018310546875
0.00503897666931
0.00254893302917
0.00194692611694
0.00652003288269
0.0026490688324
0.00191688537598
0.00513601303101
0.00242590904236
0.00181293487549
0.00575494766235
0.00257992744446
0.00189900398254
0.00473499298096
0.00266408920288
0.00181984901428
0.00451803207397
0.00254201889038
0.00179886817932
0.00170207023621
0.00304484367371
0.00207304954529
0.00779891014099
0.00252795219421
0.00183296203613
0.00166082382202
0.00259709358215
0.00230479240417
0.00522208213806
0.00247192382812
0.00227284431458
0.00748014450073
0.00260806083679
0.00235390663147
0.00698494911194
0.00292301177979
0.00305485725403
0.00199103355408
0.00239014625549
0.00222706794739
0.007404088974
0.00246810913086
0.00228881835938
0.00710296630859
0.00243210792542
0.0029661655426
0.00204706192017
0.00284385681152
0.00220608711243
0.0076630115509
0.00397109985352
0.00228500366211
0.00961399078369
0.00267195701599
0.00224685668945
0.00295090675354
0.002681016922
0.00219488143921
0.00201416015625
0.002681016922
0.00209712982178
0.00199794769287
0.00259304046631
0.00208497047424
0.00559496879578
0.00269198417664
0.00204706192017
0.00254106521606
0.00269484519958
0.00210309028625
0.00796580314636
0.00259804725647
0.00215101242065
0.00716710090637
0.00264096260071
0.0020968914032
0.00199699401855
0.00259590148926
0.00220894813538
0.00857496261597
0.00254511833191
0.00216102600098
0.00238490104675
0.00260806083679
0.00218486785889
0.00819206237793
0.00266003608704
0.00221300125122
0.00641798973083
0.00264310836792
0.0021870136261
0.00595712661743
0.00261807441711
0.00207805633545
0.00508809089661
0.0027379989624
0.00207901000977
0.00552010536194
0.00307989120483
0.00218105316162
0.00472187995911
0.00257396697998
0.00210499763489
0.00198698043823
0.0026159286499
0.00216197967529
0.00194406509399
0.00259590148926
0.00221085548401
0.00538992881775
0.00257515907288
0.00216007232666
0.00733184814453
0.00252509117126
0.0028088092804
0.00661015510559
0.00268411636353
0.00205707550049
0.00670790672302
0.00277090072632
0.00210905075073
0.0114889144897
0.00256299972534
0.00202012062073
0.00741505622864
0.0025269985199
0.00213408470154
0.0152950286865
0.00249695777893
0.00242805480957
0.0150520801544
0.00254797935486
0.00219893455505
0.0232079029083
0.00250291824341
0.00201082229614
0.0477240085602
0.00274085998535
0.00225806236267
0.0487771034241
0.00276398658752
0.00225400924683
0.0209860801697
0.00272989273071
0.00237798690796
0.00257396697998
0.00282192230225
0.00221800804138
0.00747609138489
0.00282192230225
0.00275611877441
0.00364112854004
0.00280904769897
0.00210189819336
0.00978112220764
0.0026969909668
0.00224804878235
0.00531005859375
0.0027449131012
0.00209808349609
0.00513315200806
0.00324702262878
0.00212693214417
0.00454688072205
0.00271511077881
0.00190114974976
0.0174272060394
0.00269389152527
0.00211310386658
0.00684499740601
0.0029079914093
0.00205516815186
0.0071280002594
0.00274205207825
0.00222086906433
0.00451993942261
0.00317406654358
0.00211119651794
0.00910806655884
0.00274085998535
0.00212907791138
0.00582790374756
0.00276398658752
0.00210189819336
0.00501203536987
0.00275921821594
0.00219511985779
0.00532817840576
0.00272107124329
0.00223803520203
0.00507998466492
0.00248908996582
0.0025589466095
0.00491094589233
0.00271701812744
0.00226211547852
0.00503587722778
0.00257110595703
0.00210094451904
0.00493812561035
0.00266122817993
0.00212001800537
0.00557208061218
0.0027379989624
0.00202512741089
0.00527095794678
0.00276207923889
0.00210285186768
0.00518107414246
0.00271606445312
0.0021378993988
0.0017569065094
0.00268411636353
0.00193214416504
0.00766682624817
0.00259900093079
0.00192308425903
0.00501108169556
0.00280594825745
0.00197601318359
0.00554800033569
0.00262498855591
0.00194597244263
0.00718188285828
0.00255584716797
0.00198292732239
0.00506711006165
0.0025589466095
0.00206184387207
0.0049729347229
0.00248312950134
0.0023410320282
0.00597405433655
0.00257706642151
0.00209403038025
0.00206017494202
0.0025532245636
0.00207304954529
0.00789308547974
0.00255298614502
0.00215983390808
0.00591015815735
0.00270414352417
0.00209403038025
0.00443005561829
0.00273609161377
0.00211501121521
0.00590801239014
0.00270104408264
0.00196886062622
0.00537586212158
0.00252890586853
0.00198602676392
0.00543403625488
0.00278997421265
0.00266814231873
0.00462484359741
0.0025908946991
0.00210404396057
0.00424194335938
0.00272798538208
0.00661516189575
0.00175380706787
0.00269103050232
0.007493019104
0.00792598724365
0.00269913673401
0.00207781791687
0.00707197189331
0.0027768611908
0.00265502929688
0.00385594367981
0.00271487236023
0.00454711914062
0.00404715538025
0.00261616706848
0.00243401527405
0.00495791435242
0.00254201889038
0.00233292579651
0.00513100624084
0.0025999546051
0.00230693817139
0.00196695327759
0.00248289108276
0.00640106201172
0.0048291683197
0.00272417068481
0.00248003005981
0.00449991226196
0.00273609161377
0.00241899490356
0.00484299659729
0.00270509719849
0.0024471282959
0.00195789337158
0.00262403488159
0.00248003005981
0.00702309608459
0.00260710716248
0.00559401512146
0.00779795646667
0.00317001342773
0.00919508934021
0.00762414932251
0.00265717506409
0.00553917884827
0.006756067276
0.00262999534607
0.00239491462708
0.00305986404419
0.00278401374817
0.00633192062378
0.00296902656555
0.00278306007385
0.00619721412659
0.0078239440918
0.00310707092285
0.00918793678284
0.00201082229614
0.00261998176575
0.00239300727844
0.0040340423584
0.00265097618103
0.00614190101624
0.007807970047
0.00266408920288
0.00551700592041
0.00528192520142
0.00257515907288
0.00224304199219
0.00525593757629
0.00262999534607
0.00575089454651
0.00811409950256
0.00261998176575
0.00966000556946
0.00765895843506
0.00278782844543
0.00537896156311
0.00571513175964
0.00271511077881
0.00243592262268
0.00488901138306
0.00275111198425
0.00557684898376
0.00786995887756
0.00253486633301
0.00560307502747
0.00590991973877
0.00264191627502
0.00225591659546
0.00509691238403
0.00261306762695
0.00229096412659
0.0020489692688
0.00275707244873
0.00229787826538
0.00785803794861
0.00268912315369
0.00215005874634
0.00544691085815
0.00269103050232
0.00230598449707
0.00551199913025
0.00283408164978
0.00218820571899
0.00190806388855
0.00270891189575
0.00201487541199
0.00482702255249
0.00266194343567
0.00201106071472
0.00231385231018
0.00275206565857
0.00201606750488
0.00675392150879
0.00272798538208
0.00203490257263
0.00716090202332
0.0030300617218
0.00929713249207
0.00711584091187
0.00258898735046
0.00611090660095
0.00473999977112
0.0026319026947
0.00232696533203
0.00514006614685
0.00263500213623
0.00245904922485
0.00494718551636
0.00248599052429
0.00765991210938
0.00648713111877
0.00245308876038
0.00457000732422
0.0064480304718
0.0026969909668
0.00221109390259
0.00500893592834
0.00277209281921
0.00252199172974
0.00480699539185
0.00283193588257
0.00205302238464
0.00511503219604
0.00278687477112
0.00235295295715
0.00493788719177
0.00261497497559
0.00698685646057
0.00732707977295
0.00278186798096
0.00935697555542
0.00783896446228
0.00278687477112
0.00692415237427
0.00378203392029
0.00285387039185
0.00729012489319
0.00831818580627
0.00281405448914
0.00241589546204
0.00632500648499
0.00282001495361
0.00311899185181
0.00198602676392
0.00275897979736
0.00214791297913
0.00192284584045
0.00264692306519
0.0020809173584
0.00879287719727
0.00253891944885
0.00212788581848
0.00723195075989
0.00255918502808
0.00215315818787
0.00199317932129
0.00249099731445
0.00218892097473
0.00192189216614
0.0155169963837
0.00235390663147
0.00606393814087
0.0026969909668
0.0023078918457
0.00585603713989
0.00272798538208
0.00224113464355
0.0019588470459
0.00266003608704
0.00217485427856
0.00821089744568
0.00278186798096
0.00206899642944
0.00193285942078
0.00274109840393
0.0021870136261
0.00823903083801
0.0027539730072
0.00210189819336
0.00722813606262
0.00301122665405
0.0021390914917
0.00209379196167
0.00284504890442
0.00216603279114
0.00768113136292
0.00279378890991
0.00216794013977
0.00567412376404
0.00266885757446
0.00220012664795
0.00201106071472
0.00248885154724
0.00220203399658
0.00616788864136
0.00263786315918
0.00219297409058
0.00197505950928
0.00252413749695
0.00625491142273
0.00677895545959
0.00253391265869
0.00226998329163
0.00513219833374
0.00252509117126
0.00241184234619
0.0043671131134
0.00242018699646
0.00270819664001
0.00566101074219
0.00248789787292
0.00236010551453
0.00521779060364
0.00268197059631
0.00216507911682
0.00522899627686
0.0027379989624
0.00729990005493
0.00872802734375
0.0026969909668
0.00234794616699
0.00616693496704
0.00261998176575
0.00628280639648
0.0080099105835
0.00264692306519
0.00226902961731
0.00702595710754
0.00286197662354
0.00224304199219
0.00489807128906
0.00269985198975
0.00221300125122
0.00494885444641
0.00274085998535
0.00232005119324
0.00648498535156
0.00307202339172
0.00210905075073
0.0049889087677
0.00269103050232
0.00752902030945
0.00802397727966
0.00278806686401
0.00220489501953
0.00683784484863
0.00281405448914
0.00541090965271
0.0078718662262
0.00272107124329
0.00537109375
0.0059769153595
0.00373697280884
0.0025749206543
0.00383901596069
0.00278210639954
0.00224208831787
0.0108389854431
0.00267100334167
0.0054759979248
0.00605201721191
0.002690076828
0.00742197036743
0.0077269077301
0.00252795219421
0.00235891342163
0.00738191604614
0.00262212753296
0.00223898887634
0.00517511367798
0.0025999546051
0.00223398208618
0.00508284568787
0.00273609161377
0.0074520111084
0.00543117523193
0.00272297859192
0.00209712982178
0.00745415687561
0.00254011154175
0.00219798088074
0.00710916519165
0.00266313552856
0.0054337978363
0.00623106956482
0.00276184082031
0.0110790729523
0.00766801834106
0.00286912918091
0.0121381282806
0.00501894950867
0.0027129650116
0.00552582740784
0.00670504570007
0.00274109840393
0.00266289710999
0.00467395782471
0.00275588035583
0.00230598449707
0.00509595870972
0.00271606445312
0.00629782676697
0.00788998603821
0.00251793861389
0.00238394737244
0.00709581375122
0.00264811515808
0.00233387947083
0.00626802444458
0.00258302688599
0.00612306594849
0.00798511505127
0.00274205207825
0.00226306915283
0.00703978538513
0.00274109840393
0.00882411003113
0.00672197341919
0.00287580490112
0.00237607955933
0.00802087783813
0.00278496742249
0.00572800636292
0.00793600082397
0.00379991531372
0.00227999687195
0.0057680606842
0.00266003608704
0.0021641254425
0.0070161819458
0.00265312194824
0.00561690330505
0.0078649520874
0.00266695022583
0.00232791900635
0.00696587562561
0.00257110595703
0.00551509857178
0.00401997566223
0.00272393226624
0.00753402709961
0.00580906867981
0.00276303291321
0.00930690765381
0.00781989097595
0.00282192230225
0.00936698913574
0.00780487060547
0.00281095504761
0.00932192802429
0.0078489780426
0.00276303291321
0.00939178466797
0.00443601608276
0.0027859210968
0.00616693496704
0.00537800788879
0.00276803970337
0.00641393661499
0.00458908081055
0.00269412994385
0.007483959198
0.00508093833923
0.00279879570007
0.00933790206909
0.00784802436829
0.00276899337769
0.00936698913574
0.00786018371582
0.00281190872192
0.00219893455505
0.00697803497314
0.00324392318726
0.00224590301514
0.0064549446106
0.00266194343567
0.00213098526001
0.00634098052979
0.00264716148376
0.00213384628296
0.00531411170959
0.00266718864441
0.00203013420105
0.00529718399048
0.0026261806488
0.00205111503601
0.00531101226807
0.00255703926086
0.00249791145325
0.00790786743164
0.00250291824341
0.00231313705444
0.00901913642883
0.00244092941284
0.00222086906433
0.00200510025024
0.00255012512207
0.00224184989929
0.0121519565582
0.00259208679199
0.00230598449707
0.00212097167969
0.00267004966736
0.00266599655151
0.0076961517334
0.00265097618103
0.00221109390259
0.00519299507141
0.00258898735046
0.00224304199219
0.00924396514893
0.00251698493958
0.00221514701843
0.00736117362976
0.00260710716248
0.00212597846985
0.00202894210815
0.00261807441711
0.00224280357361
0.00880193710327
0.00270104408264
0.0022120475769
0.00654292106628
0.00277996063232
0.00212693214417
0.00197315216064
0.00266909599304
0.00207901000977
0.00833010673523
0.00266408920288
0.00208401679993
0.00720882415771
0.00268793106079
0.00200796127319
0.00579285621643
0.0032639503479
0.00221490859985
0.00449395179749
0.00277209281921
0.00221180915833
0.00495505332947
0.00266003608704
0.00211310386658
0.00525498390198
0.00262117385864
0.00209283828735
0.00538110733032
0.00271201133728
0.00216293334961
0.00514602661133
0.00310206413269
0.00212216377258
0.00207805633545
0.0028018951416
0.00214099884033
0.00206708908081
0.0026261806488
0.00222396850586
0.00830602645874
0.002849817276
0.0023090839386
0.00681281089783
0.0028121471405
0.00220012664795
0.00592184066772
0.00282907485962
0.00268006324768
0.00452589988708
0.00264596939087
0.00223588943481
0.0020010471344
0.0025908946991
0.00208806991577
0.00192999839783
0.00272417068481
0.00219917297363
0.00843620300293
0.00274014472961
0.00219893455505
0.00180792808533
0.00343298912048
0.00201201438904
0.00773811340332
0.00271010398865
0.00202202796936
0.00180888175964
0.00259494781494
0.00199389457703
0.00983285903931
0.00281095504761
0.00232696533203
0.00602602958679
0.0027129650116
0.00217986106873
0.00203609466553
0.00268316268921
0.00231099128723
0.00852012634277
0.00271105766296
0.00217890739441
0.00210809707642
0.00278902053833
0.0023090839386
0.00205779075623
0.00256013870239
0.00226902961731
0.0484840869904
0.00283908843994
0.00949311256409
0.0376439094543
0.00282788276672
0.00735592842102
0.00501799583435
0.00277805328369
0.00634598731995
0.00558590888977
0.00282096862793
0.00222897529602
0.006915807724
0.00257992744446
0.00222110748291
0.0073549747467
0.0027871131897
0.00211405754089
0.00550985336304
0.00257205963135
0.00220990180969
0.00523495674133
0.00317287445068
0.00219798088074
0.00200700759888
0.00264191627502
0.00219297409058
0.0019268989563
0.00258684158325
0.00209212303162
0.00659108161926
0.00266194343567
0.00205588340759
0.00514101982117
0.00267887115479
0.00200200080872
0.00735116004944
0.00263690948486
0.002357006073
0.00188994407654
0.00260901451111
0.00211906433105
0.00837111473083
0.00264501571655
0.00212502479553
0.0150821208954
0.002769947052
0.00201797485352
0.0283310413361
0.00269389152527
0.00241208076477
0.0052649974823
0.00282907485962
0.00219798088074
0.00510811805725
0.00289678573608
0.00214695930481
0.00952100753784
0.00278902053833
0.00210499763489
0.00697612762451
0.00282216072083
0.00202798843384
0.00178408622742
0.00289988517761
0.00198888778687
0.00838899612427
0.00285005569458
0.00211405754089
0.00256609916687
0.00264406204224
0.00214695930481
0.0078809261322
0.00268292427063
0.0023090839386
0.00214195251465
0.00258803367615
0.00219202041626
0.00625586509705
0.00260496139526
0.00226402282715
0.00888609886169
0.00251388549805
0.00219511985779
0.00201010704041
0.00300192832947
0.00225782394409
0.00800395011902
0.00251007080078
0.00224900245667
0.00207805633545
0.0024938583374
0.00226497650146
0.0243120193481
0.0026638507843
0.00227999687195
0.00713801383972
0.00287294387817
0.0021858215332
0.00666904449463
0.00272512435913
0.00274085998535
0.0145859718323
0.00276207923889
0.00222301483154
0.00193905830383
0.00277400016785
0.00203514099121
0.0242331027985
0.00271701812744
0.00207710266113
0.00735211372375
0.00279593467712
0.00215196609497
0.00706386566162
0.0027220249176
0.00271081924438
0.010409116745
0.00271201133728
0.00234293937683
0.0268700122833
0.00285601615906
0.0020968914032
0.00716805458069
0.00280213356018
0.00219798088074
0.00194787979126
0.00275087356567
0.00219106674194
0.00807881355286
0.00270915031433
0.00209403038025
0.015517950058
0.00285792350769
0.00213503837585
0.0146090984344
0.00279402732849
0.00218391418457
0.00705313682556
0.00279116630554
0.0021059513092
0.00189614295959
0.00278401374817
0.00231504440308
0.0080840587616
0.00270295143127
0.00224018096924
0.00656414031982
0.00340795516968
0.00210499763489
0.00456094741821
0.00271201133728
0.00223994255066
0.00953006744385
0.00275182723999
0.00216293334961
0.00715494155884
0.00269985198975
0.00221991539001
0.00213599205017
0.0027449131012
0.0021641254425
0.00791692733765
0.00324392318726
0.00223898887634
0.00658202171326
0.0026478767395
0.00221490859985
0.00203800201416
0.0026068687439
0.00219798088074
0.00819110870361
0.00274109840393
0.00248289108276
0.00677609443665
0.00268602371216
0.00765705108643
0.00564908981323
0.00327396392822
0.00238609313965
0.00622296333313
0.00272822380066
0.00214815139771
0.0070641040802
0.00268983840942
0.00537800788879
0.00787401199341
0.00267386436462
0.009516954422
0.00778102874756
0.00274610519409
0.00551199913025
0.0064549446106
0.00390195846558
0.00222206115723
0.00396203994751
0.00287508964539
0.00223612785339
0.0115578174591
0.00282311439514
0.00227117538452
0.00560021400452
0.00292897224426
0.00227308273315
0.00203490257263
0.00270295143127
0.00216102600098
0.0158162117004
0.00275111198425
0.00224900245667
0.00712704658508
0.00265502929688
0.00227785110474
0.0020489692688
0.00275802612305
0.00219702720642
0.00800895690918
0.00269794464111
0.00222206115723
0.00212001800537
0.00268197059631
0.00218415260315
0.00641012191772
0.00254201889038
0.00223708152771
0.00862097740173
0.00279092788696
0.00218796730042
0.0019268989563
0.0026638507843
0.00211310386658
0.00838112831116
0.00275993347168
0.0021550655365
0.00196695327759
0.00283098220825
0.0021960735321
0.00455093383789
0.00258183479309
0.00205492973328
0.00676608085632
0.00321102142334
0.00211310386658
0.00185203552246
0.00264096260071
0.00197410583496
0.00821018218994
0.00273299217224
0.00198006629944
0.0018630027771
0.00255393981934
0.00199294090271
0.00744295120239
0.00270199775696
0.00224590301514
0.00801301002502
0.002681016922
0.00265407562256
0.00202512741089
0.00278186798096
0.00229501724243
0.00815987586975
0.00265216827393
0.00222110748291
0.00201892852783
0.002681016922
0.00228810310364
0.00461483001709
0.00253701210022
0.00221395492554
0.00674700737
0.00265097618103
0.00267219543457
0.00651907920837
0.00259184837341
0.00201606750488
0.00197982788086
0.00273394584656
0.00222206115723
0.00851082801819
0.00262904167175
0.00209403038025
0.00718784332275
0.00262904167175
0.00231790542603
0.00549387931824
0.00266790390015
0.00223207473755
0.00562810897827
0.00264191627502
0.00214695930481
0.00466299057007
0.00260996818542
0.0021288394928
0.00533199310303
0.00266408920288
0.00213408470154
0.00520586967468
0.00266599655151
0.00212788581848
0.00518703460693
0.00261211395264
0.00199198722839
0.00190901756287
0.00320196151733
0.00196409225464
0.00182914733887
0.00264000892639
0.00205707550049
0.00519394874573
0.0026159286499
0.00201892852783
0.00603294372559
0.0034008026123
0.00211215019226
0.00725317001343
0.00284004211426
0.00203990936279
0.00195813179016
0.00317478179932
0.0021641254425
0.00848317146301
0.0028440952301
0.00215196609497
0.00194692611694
0.00285196304321
0.00215601921082
0.00465393066406
0.00266814231873
0.00210118293762
0.00648403167725
0.00268411636353
0.00205206871033
0.0072910785675
0.00267815589905
0.00263595581055
0.00193810462952
0.00285482406616
0.00996494293213
0.00665712356567
0.00272798538208
0.00334191322327
0.00676894187927
0.00277709960938
0.0023558139801
0.00730800628662
0.00264883041382
0.00243711471558
0.00648212432861
0.00287795066833
0.00564289093018
0.00474286079407
0.00293707847595
0.00230979919434
0.00593614578247
0.00278615951538
0.00932121276855
0.007807970047
0.00278806686401
0.00940084457397
0.00370097160339
0.00276303291321
0.00253987312317
0.00478196144104
0.00261783599854
0.00245714187622
0.00537610054016
0.0027768611908
0.0024881362915
0.00421118736267
0.00266909599304
0.00231003761292
0.00499200820923
0.00265192985535
0.00540900230408
0.0158748626709
0.00273394584656
0.00946497917175
0.00414609909058
0.00276613235474
0.00980091094971
0.00406384468079
0.00292015075684
0.00838613510132
0.00747585296631
0.00270795822144
0.00571799278259
0.00650978088379
0.00272798538208
0.00226092338562
0.0049729347229
0.00282216072083
0.00230598449707
0.00500297546387
0.0027220249176
0.00245785713196
0.0048680305481
0.0026490688324
0.0073881149292
0.00514984130859
0.00272011756897
0.00934910774231
0.00787901878357
0.00272417068481
0.00220823287964
0.00708699226379
0.00265192985535
0.00208711624146
0.00197005271912
0.0026490688324
0.0020649433136
0.0084388256073
0.00280499458313
0.00272607803345
0.00203609466553
0.00270485877991
0.00221109390259
0.00763916969299
0.00270318984985
0.00236916542053
0.0148057937622
0.00272607803345
0.00228881835938
0.0150220394135
0.00273895263672
0.00213980674744
0.00203895568848
0.00268411636353
0.00225305557251
0.00862288475037
0.00285601615906
0.00224494934082
0.0142240524292
0.00272607803345
0.00217008590698
0.00194716453552
0.00270915031433
0.00205516815186
0.00848317146301
0.00276207923889
0.00211501121521
0.00668597221375
0.00269389152527
0.00230693817139
0.00208783149719
0.00317597389221
0.00225687026978
0.00802707672119
0.00274014472961
0.00223588943481
0.00207901000977
0.00269198417664
0.00223302841187
0.00793194770813
0.00254607200623
0.00240302085876
0.00206589698792
0.00352907180786
0.00225400924683
0.0151200294495
0.00332403182983
0.00234603881836
0.00627899169922
0.00274395942688
0.00205898284912
0.00190091133118
0.00274300575256
0.00207901000977
0.00803279876709
0.00270414352417
0.00219106674194
0.00203800201416
0.0025680065155
0.00230598449707
0.00866889953613
0.00264692306519
0.00276207923889
0.00194907188416
0.00251793861389
0.00208306312561
0.00788712501526
0.00252985954285
0.00228404998779
0.00193691253662
0.00251293182373
0.00222682952881
0.00845003128052
0.00266098976135
0.00212597846985
0.00196886062622
0.00247693061829
0.00210404396057
0.00869607925415
0.00241303443909
0.00221705436707
0.00200295448303
0.00246691703796
0.00224208831787
0.00843620300293
0.0026581287384
0.00224781036377
0.00207614898682
0.00250601768494
0.00227999687195
0.00849890708923
0.00267004966736
0.00219392776489
0.00248885154724
0.00250792503357
0.00218200683594
0.00796103477478
0.00261878967285
0.00220704078674
0.00197887420654
0.00252890586853
0.00215601921082
0.0283257961273
0.00263404846191
0.00206804275513
0.00184607505798
0.00247883796692
0.00221705436707
0.0208351612091
0.00321888923645
0.00232005119324
0.00197315216064
0.00266098976135
0.00209403038025
0.0155980587006
0.00264382362366
0.0022280216217
0.00200080871582
0.00258994102478
0.00226211547852
0.00839114189148
0.00272679328918
0.00225806236267
0.0150079727173
0.00275707244873
0.00283408164978
0.00204801559448
0.00272011756897
0.00219917297363
0.00728607177734
0.00261402130127
0.0022349357605
0.00722885131836
0.00262308120728
0.00219202041626
0.0021231174469
0.00274300575256
0.00223207473755
0.00802898406982
0.0026171207428
0.0026638507843
0.00201797485352
0.00262093544006
0.0022668838501
0.0101819038391
0.0026159286499
0.00218296051025
0.0051908493042
0.00248599052429
0.00222182273865
0.00210905075073
0.00258493423462
0.00218987464905
0.00201106071472
0.00249910354614
0.00316095352173
0.00828099250793
0.00256514549255
0.00221681594849
0.00193095207214
0.00263690948486
0.00217008590698
0.0248839855194
0.00253009796143
0.00220990180969
0.00678086280823
0.00265097618103
0.00213098526001
0.00735998153687
0.00274419784546
0.00239706039429
0.00677895545959
0.00323009490967
0.00237512588501
0.00523209571838
0.00258612632751
0.00219702720642
0.00519919395447
0.00285696983337
0.00225496292114
0.00382709503174
0.00269818305969
0.00208520889282
0.00537490844727
0.00273513793945
0.00211620330811
0.00604510307312
0.00323700904846
0.0022280216217
0.0045919418335
0.00276303291321
0.00220203399658
0.0100870132446
0.00272083282471
0.00217795372009
0.00501704216003
0.00282192230225
0.00213694572449
0.00499296188354
0.0026228427887
0.00207614898682
0.00638818740845
0.00273704528809
0.00257396697998
0.00759601593018
0.00267505645752
0.0020899772644
0.00651407241821
0.0026228427887
0.00220012664795
0.00486707687378
0.00252389907837
0.00228786468506
0.00565195083618
0.00247311592102
0.0059220790863
0.00821805000305
0.0026741027832
0.00225400924683
0.00714087486267
0.00252604484558
0.00225496292114
0.00671005249023
0.00260806083679
0.00210905075073
0.00534510612488
0.00261902809143
0.00205397605896
0.00530481338501
0.0028281211853
0.00213217735291
0.00505018234253
0.00254702568054
0.00220704078674
0.00417685508728
0.0026741027832
0.00208616256714
0.00640797615051
0.00259518623352
0.0021071434021
0.00530099868774
0.00259804725647
0.00220584869385
0.00532793998718
0.00261807441711
0.00230383872986
0.00499701499939
0.0026581287384
0.00221300125122
0.00520610809326
0.00311303138733
0.00224208831787
0.00461292266846
0.00265288352966
0.0022120475769
0.00513887405396
0.00265192985535
0.0022599697113
0.00500202178955
0.00265288352966
0.00221395492554
0.00540900230408
0.0025908946991
0.0022349357605
0.00509595870972
0.00266885757446
0.00273895263672
0.0046980381012
0.00281310081482
0.00204205513
0.00522589683533
0.00265097618103
0.00231885910034
0.00503301620483
0.00267887115479
0.00219798088074
0.00515699386597
0.00265598297119
0.00201201438904
0.00534200668335
0.00262808799744
0.00274801254272
0.00435614585876
0.00269317626953
0.00226712226868
0.00535988807678
0.00258588790894
0.00230193138123
0.00522804260254
0.00266814231873
0.00220584869385
0.00526905059814
0.00252318382263
0.00235915184021
0.00518417358398
0.00254416465759
0.00239396095276
0.00547385215759
0.00264692306519
0.00611400604248
0.00783896446228
0.00250601768494
0.00235414505005
0.00710797309875
0.0025110244751
0.00218987464905
0.00375604629517
0.00253391265869
0.0027289390564
0.00638389587402
0.00281000137329
0.00252199172974
0.00578308105469
0.00325798988342
0.00238680839539
0.00439214706421
0.00273013114929
0.00227904319763
0.00508308410645
0.00271511077881
0.00222182273865
0.00497603416443
0.00262403488159
0.00232195854187
0.00514101982117
0.00262594223022
0.00228691101074
0.00510692596436
0.0031418800354
0.00233697891235
0.00469493865967
0.00254607200623
0.00221800804138
0.00515604019165
0.00673007965088
0.00217700004578
0.00545883178711
0.00471210479736
0.00219702720642
0.00512504577637
0.00258302688599
0.00216817855835
0.00182223320007
0.00389790534973
0.00207710266113
0.00723385810852
0.00274610519409
0.0022611618042
0.00577211380005
0.0026261806488
0.00235486030579
0.00202202796936
0.00260400772095
0.00236511230469
0.00535202026367
0.00262713432312
0.00214099884033
0.00727009773254
0.00249814987183
0.00223278999329
0.00712013244629
0.00249004364014
0.00224900245667
0.00397300720215
0.00250911712646
0.00226807594299
0.00662207603455
0.00251317024231
0.00203013420105
0.0072910785675
0.00247597694397
0.00224494934082
0.0056619644165
0.00244116783142
0.00222396850586
0.00533604621887
0.00256896018982
0.00228786468506
0.00522994995117
0.00249004364014
0.00220417976379
0.00537514686584
0.00257015228271
0.00221800804138
0.00524115562439
0.00248599052429
0.00221705436707
0.00532221794128
0.0024721622467
0.00222516059875
0.00540614128113
0.00297784805298
0.00232791900635
0.00470304489136
0.00259184837341
0.0022120475769
0.00287199020386
0.00242710113525
0.0022509098053
0.00680899620056
0.00248908996582
0.00571894645691
0.00267791748047
0.00257992744446
0.0022280216217
0.00529885292053
0.00252604484558
0.00277495384216
0.00186109542847
0.00246596336365
0.00208711624146
0.00723314285278
0.00246095657349
0.00218987464905
0.00646996498108
0.00249099731445
0.00242400169373
0.00503206253052
0.00240802764893
0.00251698493958
0.00537896156311
0.00244998931885
0.00287485122681
0.00197911262512
0.00261211395264
0.0023410320282
0.00503301620483
0.00238990783691
0.00237011909485
0.00197219848633
0.00255107879639
0.00241994857788
0.00762295722961
0.00234699249268
0.00233006477356
0.00729489326477
0.00234389305115
0.00229406356812
0.00278997421265
0.00234913825989
0.00206089019775
0.00798988342285
0.00822496414185
0.00207185745239
0.00568008422852
0.00595116615295
0.00202012062073
0.00776100158691
0.00542211532593
0.00518703460693
0.00215601921082
0.00269103050232
0.00249600410461
0.00236916542053
0.00309705734253
0.00235486030579
0.00467014312744
0.00616717338562
0.00387597084045
0.0079710483551
0.00249886512756
0.00211596488953
0.00729703903198
0.00827193260193
0.00242781639099
0.0055148601532
0.00439500808716
0.00248908996582
0.00754809379578
0.00318384170532
0.00252413749695
0.00415015220642
0.00488710403442
0.00540900230408
0.00532603263855
0.00459909439087
0.00238704681396
0.00754189491272
0.00556707382202
0.00463318824768
0.00725412368774
0.00414896011353
0.00321197509766
0.00534915924072
0.00550889968872
0.00295901298523
0.00204491615295
0.00898599624634
0.00237607955933
0.00536179542542
0.00305914878845
0.00255417823792
0.00639915466309
0.00545883178711
0.00246906280518
0.00307297706604
0.00604701042175
0.00243806838989
0.0115520954132
0.00917291641235
0.00240111351013
0.00858616828918
0.00425696372986
0.00279498100281
0.00246596336365
0.00748705863953
0.00306510925293
0.00855088233948
0.00832486152649
0.00323009490967
0.00842022895813
0.00565600395203
0.00613713264465
0.00501012802124
0.00507187843323
0.0062620639801
0.00397396087646
0.0081000328064
0.00804901123047
0.00342702865601
0.0039210319519
0.00565099716187
0.00674200057983
0.00405621528625
0.00244617462158
0.00556206703186
0.00824904441833
0.00242614746094
0.00529503822327
0.00620412826538
0.00338196754456
0.00761103630066
0.00285601615906
0.00615310668945
0.00568795204163
0.0044219493866
0.00770783424377
0.00794506072998
0.00443816184998
0.00314283370972
0.00537395477295
0.00731801986694
0.00411081314087
0.00751209259033
0.00829482078552
0.00427794456482
0.00739908218384
0.00598192214966
0.00368905067444
0.0029661655426
0.00470685958862
0.00548696517944
0.00527691841125
0.0047619342804
0.00736379623413
0.00782299041748
0.00479912757874
0.00734400749207
0.0078239440918
0.00495195388794
0.00232410430908
0.00212407112122
0.00275802612305
0.00281310081482
0.00902986526489
0.00244188308716
0.00571894645691
0.00556206703186
0.00242495536804
0.00216889381409
0.00656008720398
0.00256299972534
0.00242805480957
0.00599503517151
0.00246906280518
0.00982689857483
0.00767493247986
0.00260305404663
0.0021071434021
0.00333189964294
0.00253391265869
0.00953197479248
0.00518798828125
0.00246906280518
0.00205302238464
0.00574588775635
0.00272107124329
0.00598382949829
0.00787997245789
0.00276398658752
0.00253701210022
0.00655579566956
0.00264501571655
0.00239491462708
0.00659489631653
0.00312900543213
0.00714993476868
0.00608992576599
0.00267291069031
0.00217008590698
0.00711894035339
0.00270009040833
0.00676584243774
0.00638794898987
0.00265097618103
0.00948810577393
0.00385785102844
0.00254988670349
0.00554203987122
0.00790286064148
0.003014087677
0.00911402702332
0.00496101379395
0.0025269985199
0.0022509098053
0.00628280639648
0.0027379989624
0.0094211101532
0.00419402122498
0.00276589393616
0.00738906860352
0.00546288490295
0.00273489952087
0.0094039440155
0.00785207748413
0.00274705886841
0.00992798805237
0.00732088088989
0.00278306007385
0.00934815406799
0.00499582290649
0.00286388397217
0.00253295898438
0.005450963974
0.00290894508362
0.00922608375549
0.00466418266296
0.00296401977539
0.00242209434509
0.00466918945312
0.00278806686401
0.00734400749207
0.03489112854
0.00277709960938
0.00255584716797
0.0466461181641
0.00283598899841
0.0173950195312
0.031830072403
0.00274705886841
0.0024631023407
0.00654006004333
0.00289702415466
0.00232982635498
0.00474810600281
0.00278806686401
0.0023980140686
0.00530982017517
0.00272393226624
0.00240993499756
0.00442910194397
0.00269198417664
0.0022931098938
0.0089750289917
0.00271797180176
0.00237011909485
0.00691080093384
0.0026650428772
0.00541591644287
0.00611090660095
0.00260496139526
0.00232887268066
0.00485897064209
0.00302195549011
0.00768613815308
0.00551891326904
0.00259208679199
0.00950884819031
0.00782203674316
0.0026319026947
0.0054919719696
0.00636601448059
0.00253105163574
0.00247097015381
0.0048668384552
0.00247502326965
0.00250101089478
0.0052318572998
0.00250005722046
0.00296211242676
0.00476002693176
0.00267601013184
0.00239610671997
0.00197386741638
0.00271511077881
0.00240397453308
0.00678014755249
0.00281810760498
0.00199580192566
0.00575494766235
0.00278496742249
0.00226306915283
0.00557780265808
0.00291299819946
0.00273990631104
0.0043671131134
0.00279712677002
0.00200080871582
0.0118579864502
0.0027220249176
0.00236892700195
0.00696992874146
0.00270986557007
0.00242114067078
0.00629615783691
0.0026638507843
0.00601100921631
0.00789499282837
0.00264811515808
0.00351715087891
0.00599408149719
0.00249195098877
0.00247192382812
0.005530834198
0.00283002853394
0.00235986709595
0.00561499595642
0.00278902053833
0.00232195854187
0.0052969455719
0.00280594825745
0.00545001029968
0.00795006752014
0.00267910957336
0.00216007232666
0.00773787498474
0.00279593467712
0.00245308876038
0.00600385665894
0.00275683403015
0.0054030418396
0.00798296928406
0.00283193588257
0.00929093360901
0.00779700279236
0.00291705131531
0.00933194160461
0.00788998603821
0.00277090072632
0.00926494598389
0.0079939365387
0.00338196754456
0.00866603851318
0.00587177276611
0.00274515151978
0.00225520133972
0.00900197029114
0.0028600692749
0.00249099731445
0.00652885437012
0.00278806686401
0.00798010826111
0.00515484809875
0.00277495384216
0.00541090965271
0.00539398193359
0.00277209281921
0.00294017791748
0.00565409660339
0.00293302536011
0.0163819789886
0.00778412818909
0.00279307365417
0.00235390663147
0.00695991516113
0.00288200378418
0.00814509391785
0.00877094268799
0.00276398658752
0.00224089622498
0.0061719417572
0.00284695625305
0.00299310684204
0.00418615341187
0.00278115272522
0.00242900848389
0.00498700141907
0.0027449131012
0.00604701042175
0.00787305831909
0.00262498855591
0.00246500968933
0.00681495666504
0.00266599655151
0.00228691101074
0.00405788421631
0.00270295143127
0.00222611427307
0.00661015510559
0.00269317626953
0.00249600410461
0.00579500198364
0.00261402130127
0.00595307350159
0.00786685943604
0.00257396697998
0.00557494163513
0.00561285018921
0.00261497497559
0.00245499610901
0.00502991676331
0.00259590148926
0.00561690330505
0.00786805152893
0.00316286087036
0.00229406356812
0.0066089630127
0.00269293785095
0.00226306915283
0.00404596328735
0.00262498855591
0.00239706039429
0.00593113899231
0.00257301330566
0.00238418579102
0.00697708129883
0.00263595581055
0.00544500350952
0.00788903236389
0.00309610366821
0.0021960735321
0.00587892532349
0.00274395942688
0.00237703323364
0.00549697875977
0.00273299217224
0.00249290466309
0.00504302978516
0.00277781486511
0.00245094299316
0.00670909881592
0.00271916389465
0.00259780883789
0.00528001785278
0.00272107124329
0.00294399261475
0.00326895713806
0.00263690948486
0.00233197212219
0.00618696212769
0.00270581245422
0.00248289108276
0.0047709941864
0.00259399414062
0.00768804550171
0.0051281452179
0.00253391265869
0.00552105903625
0.00670003890991
0.00289583206177
0.00744199752808
0.00691699981689
0.0027289390564
0.00247502326965
0.00660705566406
0.00281405448914
0.00216197967529
0.00608491897583
0.00280499458313
0.00732588768005
0.00673794746399
0.00270485877991
0.00244092941284
0.00687503814697
0.00274205207825
0.0022988319397
0.00671792030334
0.00284910202026
0.00545501708984
0.0072021484375
0.0027711391449
0.00600004196167
0.00536108016968
0.00277090072632
0.00249600410461
0.00482702255249
0.00270795822144
0.00594401359558
0.00787591934204
0.00264501571655
0.00548410415649
0.00600481033325
0.00267004966736
0.002357006073
0.00455808639526
0.00277805328369
0.00556898117065
0.00788712501526
0.00288605690002
0.00234794616699
0.00673890113831
0.00282382965088
0.00220012664795
0.00194215774536
0.00285482406616
0.00228905677795
0.00665998458862
0.00276017189026
0.00206279754639
0.00831913948059
0.00268006324768
0.00203394889832
0.0052318572998
0.00270199775696
0.00198793411255
0.00520801544189
0.00279593467712
0.00200200080872
0.00551915168762
0.00269317626953
0.00211715698242
0.00484800338745
0.00278306007385
0.00256681442261
0.00191593170166
0.00277090072632
0.00201797485352
0.00186395645142
0.00275611877441
0.00194978713989
0.00533604621887
0.00262999534607
0.00205779075623
0.00684094429016
0.00256896018982
0.0021390914917
0.00579309463501
0.00254106521606
0.00265407562256
0.00893688201904
0.00269389152527
0.00227808952332
0.00572800636292
0.0025680065155
0.00220894813538
0.00519299507141
0.00248503684998
0.00226187705994
0.00533080101013
0.00268507003784
0.00219583511353
0.00514101982117
0.00260090827942
0.0021538734436
0.00572109222412
0.00254201889038
0.00211906433105
0.00484800338745
0.00266408920288
0.00207090377808
0.00194597244263
0.00257802009583
0.00195598602295
0.00184106826782
0.00263094902039
0.00194597244263
0.00725197792053
0.00247502326965
0.00190401077271
0.00562691688538
0.00305700302124
0.00187683105469
0.00698304176331
0.00258088111877
0.00188899040222
0.00176811218262
0.00269603729248
0.00179386138916
0.00689387321472
0.00273299217224
0.00197911262512
0.00554895401001
0.00278401374817
0.00203418731689
0.00716614723206
0.0031578540802
0.00183892250061
0.00163507461548
0.00258994102478
0.00194478034973
0.00880813598633
0.00265502929688
0.00185108184814
0.00190091133118
0.00350284576416
0.00230503082275
0.00613903999329
0.00277614593506
0.00221109390259
0.00889492034912
0.00284099578857
0.00265693664551
0.00194716453552
0.00267791748047
0.00221681594849
0.00767111778259
0.00265598297119
0.00222396850586
0.0058171749115
0.00245904922485
0.00202608108521
0.00655007362366
0.00254607200623
0.0019371509552
0.00556397438049
0.0026171207428
0.0019679069519
0.00537395477295
0.00252079963684
0.00195407867432
0.00559997558594
0.00269293785095
0.00204801559448
0.00176119804382
0.00278496742249
0.00197196006775
0.00182604789734
0.00270295143127
0.00223898887634
0.00202798843384
0.00271487236023
0.00223898887634
0.00570511817932
0.00273299217224
0.00212788581848
0.00472402572632
0.00276899337769
0.00239610671997
0.00484704971313
0.00272607803345
0.00230312347412
0.00206303596497
0.00260210037231
0.00211215019226
0.0217719078064
0.00263094902039
0.00215983390808
0.00731301307678
0.00311303138733
0.00215196609497
0.00267887115479
0.00259804725647
0.00214505195618
0.00550103187561
0.0026261806488
0.00220108032227
0.00901389122009
0.00277304649353
0.00223183631897
0.00202202796936
0.00263786315918
0.00215005874634
0.00803804397583
0.00264310836792
0.00270891189575
0.00568699836731
0.00259304046631
0.00213193893433
0.00720810890198
0.00266599655151
0.00207996368408
0.00193405151367
0.00270891189575
0.00199484825134
0.00186014175415
0.00250911712646
0.00209212303162
0.00713300704956
0.00243520736694
0.0025041103363
0.00305891036987
0.00251293182373
0.00210404396057
0.00550103187561
0.00254702568054
0.00205588340759
0.00917387008667
0.00254893302917
0.00197792053223
0.00186586380005
0.002601146698
0.00209712982178
0.00892782211304
0.00273609161377
0.00312495231628
0.00520205497742
0.0024619102478
0.00209283828735
0.00183391571045
0.00254511833191
0.00201106071472
0.00598287582397
0.00267696380615
0.00202202796936
0.00721406936646
0.00250196456909
0.00222086906433
0.00203108787537
0.00260519981384
0.00228118896484
0.00831508636475
0.00307703018188
0.00209712982178
0.0147931575775
0.00274991989136
0.00210881233215
0.00194501876831
0.00273990631104
0.00210094451904
0.0147039890289
0.00270700454712
0.00221419334412
0.00891208648682
0.00265192985535
0.00231790542603
0.0070059299469
0.00302290916443
0.00237703323364
0.00201678276062
0.00273990631104
0.00230503082275
0.00755000114441
0.00281620025635
0.00276017189026
0.00629210472107
0.0028829574585
0.00219392776489
0.00196290016174
0.00271987915039
0.00215888023376
0.0279369354248
0.00280094146729
0.00275611877441
0.0225539207458
0.00274705886841
0.00224804878235
0.00207018852234
0.00272512435913
0.00223898887634
0.0123291015625
0.00271201133728
0.00224113464355
0.00353789329529
0.0026159286499
0.00231695175171
0.0141758918762
0.00282597541809
0.00223016738892
0.00601100921631
0.0028281211853
0.00232315063477
0.0048840045929
0.00268507003784
0.00230693817139
0.00585389137268
0.00258898735046
0.00208377838135
0.00446510314941
0.00264596939087
0.00214219093323
0.00183916091919
0.00251913070679
0.00207996368408
0.0022439956665
0.00239777565002
0.00207591056824
0.00887489318848
0.00250005722046
0.00204086303711
0.00767207145691
0.00255298614502
0.0023250579834
0.00205302238464
0.00249218940735
0.0022611618042
0.00821399688721
0.0025999546051
0.00223994255066
0.00209999084473
0.00293493270874
0.00231385231018
0.0151789188385
0.00245308876038
0.00224280357361
0.00787711143494
0.00250506401062
0.00227904319763
0.00204992294312
0.00265502929688
0.00226807594299
0.00821399688721
0.00259900093079
0.00224494934082
0.0019838809967
0.00246095657349
0.00260591506958
0.016007900238
0.00265192985535
0.00218296051025
0.00198197364807
0.00245785713196
0.00219798088074
0.008455991745
0.00251817703247
0.00210499763489
0.0074291229248
0.00248289108276
0.00217795372009
0.00731086730957
0.00262403488159
0.00257277488708
0.00513410568237
0.00240898132324
0.00232410430908
0.00532984733582
0.00245094299316
0.00225591659546
0.0109140872955
0.00257778167725
0.00220704078674
0.0271270275116
0.00246214866638
0.00223207473755
0.00734686851501
0.00254392623901
0.00234293937683
0.0112481117249
0.00250816345215
0.00233888626099
0.00708913803101
0.00246500968933
0.00225710868835
0.00195288658142
0.00248098373413
0.00214505195618
0.00846600532532
0.00252294540405
0.00226306915283
0.00198793411255
0.00254821777344
0.00289416313171
0.0105030536652
0.00315690040588
0.00234794616699
0.00507307052612
0.00264620780945
0.00229716300964
0.00500321388245
0.00263404846191
0.00240206718445
0.00208115577698
0.00258088111877
0.00220990180969
0.00193309783936
0.00271415710449
0.00213623046875
0.00560998916626
0.00316691398621
0.00212097167969
0.00706696510315
0.00259900093079
0.002032995224
0.00728106498718
0.00260090827942
0.00213289260864
0.00182199478149
0.00247502326965
0.00227904319763
0.00866484642029
0.00251507759094
0.00242400169373
0.00571393966675
0.00355315208435
0.00590014457703
0.00787901878357
0.00246405601501
0.00222182273865
0.00728511810303
0.00250196456909
0.00236105918884
0.0061821937561
0.0026741027832
0.00630784034729
0.00781607627869
0.00243496894836
0.00196409225464
0.00773286819458
0.00250291824341
0.00245809555054
0.00687193870544
0.00224208831787
0.0059380531311
0.00794410705566
0.00228691101074
0.00205588340759
0.00756502151489
0.00240778923035
0.00197315216064
0.00772309303284
0.00238800048828
0.00192284584045
0.00599789619446
0.00245213508606
0.00191020965576
0.00464701652527
0.00236010551453
0.00191712379456
0.00666618347168
0.00253105163574
0.00209808349609
0.00494909286499
0.0023729801178
0.00574398040771
0.0157639980316
0.00241804122925
0.00977396965027
0.00792002677917
0.00238013267517
0.00568580627441
0.00785708427429
0.00300288200378
0.00509309768677
0.00788712501526
0.00256514549255
0.0020318031311
0.00738096237183
0.00258708000183
0.00241899490356
0.00734305381775
0.00266003608704
0.00224781036377
0.00617003440857
0.00279092788696
0.00217294692993
0.00499606132507
0.00310897827148
0.00218796730042
0.00469398498535
0.00266289710999
0.00753402709961
0.0184569358826
0.00247001647949
0.00227999687195
0.00675988197327
0.00255703926086
0.00764513015747
0.00649785995483
0.00268006324768
0.00219416618347
0.00690102577209
0.00258183479309
0.00279593467712
0.00620102882385
0.00270509719849
0.00598001480103
0.00871610641479
0.00263500213623
0.00240898132324
0.0048680305481
0.00270009040833
0.00240087509155
0.00785493850708
0.00262308120728
0.00555300712585
0.00803709030151
0.00267219543457
0.0022931098938
0.00661087036133
0.00256705284119
0.00612211227417
0.00383901596069
0.00257301330566
0.00545597076416
0.00791788101196
0.00274300575256
0.00938105583191
0.00783109664917
0.00269198417664
0.00841283798218
0.00887894630432
0.00264000892639
0.00557208061218
0.00666403770447
0.00265192985535
0.00247883796692
0.00419616699219
0.0028350353241
0.0076379776001
0.00529384613037
0.00283908843994
0.00229787826538
0.00689506530762
0.00278806686401
0.00241994857788
0.00680589675903
0.00295114517212
0.00786018371582
0.00517797470093
0.00333714485168
0.00237703323364
0.00512886047363
0.00277090072632
0.00218296051025
0.00803208351135
0.00264501571655
0.00544095039368
0.00786399841309
0.00282287597656
0.00213503837585
0.00559282302856
0.00281190872192
0.0068941116333
0.00490808486938
0.00272393226624
0.0029079914093
0.004399061203
0.00261497497559
0.00634694099426
0.00796008110046
0.00263285636902
0.00240802764893
0.00202202796936
0.00258803367615
0.00235486030579
0.00694108009338
0.00259113311768
0.00217580795288
0.00820302963257
0.002445936203
0.0027539730072
0.00203108787537
0.00245594978333
0.00217485427856
0.00809812545776
0.00259709358215
0.00231981277466
0.0021378993988
0.00261306762695
0.00228786468506
0.00807094573975
0.00242781639099
0.00233316421509
0.0110890865326
0.00236797332764
0.00280499458313
0.00698614120483
0.00248503684998
0.00227808952332
0.0141291618347
0.00253701210022
0.00234007835388
0.00805187225342
0.00280785560608
0.00215911865234
0.0110039710999
0.00276303291321
0.00233697891235
0.00696706771851
0.00268983840942
0.00359416007996
0.00579595565796
0.00264596939087
0.00208187103271
0.00195002555847
0.0027859210968
0.00213003158569
0.00818419456482
0.00269293785095
0.00226807594299
0.00194501876831
0.00273704528809
0.00204300880432
0.00637817382812
0.00278377532959
0.00228404998779
0.00409483909607
0.00324606895447
0.00232982635498
0.00727605819702
0.0027060508728
0.0021538734436
0.00202798843384
0.00269103050232
0.00219893455505
0.0108180046082
0.00264811515808
0.00218105316162
0.00511789321899
0.00256991386414
0.00219392776489
0.00208497047424
0.00304102897644
0.00220894813538
0.00202989578247
0.00242400169373
0.00219202041626
0.00864005088806
0.00250887870789
0.00218105316162
0.00217199325562
0.00259399414062
0.00224804878235
0.00635719299316
0.00249814987183
0.00220990180969
0.00438499450684
0.00245404243469
0.00269103050232
0.00769782066345
0.00239610671997
0.0022509098053
0.00206208229065
0.00246095657349
0.00224590301514
0.00855398178101
0.00236988067627
0.00228905677795
0.0020740032196
0.00253510475159
0.0022189617157
0.00848698616028
0.00267004966736
0.00221490859985
0.00260806083679
0.00274419784546
0.00206303596497
0.0155079364777
0.00252795219421
0.00212597846985
0.00562405586243
0.00257301330566
0.00217294692993
0.0090069770813
0.00256109237671
0.00210404396057
0.00194191932678
0.00251603126526
0.00214791297913
0.0372231006622
0.00276589393616
0.00233602523804
0.0463738441467
0.0027220249176
0.00222492218018
0.0310130119324
0.00262188911438
0.00209307670593
0.00727319717407
0.00269198417664
0.00226402282715
0.0229711532593
0.00264310836792
0.00233101844788
0.00562405586243
0.00325989723206
0.00234794616699
0.00794100761414
0.00278687477112
0.00231599807739
0.00215697288513
0.00270986557007
0.00219416618347
0.00770902633667
0.00263810157776
0.0021641254425
0.00201797485352
0.00259208679199
0.00208783149719
0.00485610961914
0.00260615348816
0.00266194343567
0.00628018379211
0.00251412391663
0.00212621688843
0.00746011734009
0.00256085395813
0.0021231174469
0.00196003913879
0.00254487991333
0.00220608711243
0.00853419303894
0.00275015830994
0.00292706489563
0.00640201568604
0.00268793106079
0.00277280807495
0.00196695327759
0.00253391265869
0.00214815139771
0.00203013420105
0.00248193740845
0.00205898284912
0.00927114486694
0.00267314910889
0.0021538734436
0.00701403617859
0.00253582000732
0.00199198722839
0.00441002845764
0.00252604484558
0.00191688537598
0.0023021697998
0.0024950504303
0.00190997123718
0.00787687301636
0.00239109992981
0.00201916694641
0.00179719924927
0.00259900093079
0.0019850730896
0.00910401344299
0.00244808197021
0.0019838809967
0.00187993049622
0.00243091583252
0.0020740032196
0.00924897193909
0.00301885604858
0.00202512741089
0.00182318687439
0.00243210792542
0.00189900398254
0.0529189109802
0.00267791748047
0.00229811668396
0.0149521827698
0.00280714035034
0.00231504440308
0.00207090377808
0.00271105766296
0.00220108032227
0.00790095329285
0.00321197509766
0.00230598449707
0.00471019744873
0.00262904167175
0.00219488143921
0.00527691841125
0.00263690948486
0.00218486785889
0.00527000427246
0.00259494781494
0.00210499763489
0.00516390800476
0.00271892547607
0.00223302841187
0.00512504577637
0.00378108024597
0.00216507911682
0.00405406951904
0.00252604484558
0.00208401679993
0.00539398193359
0.00269603729248
0.00214004516602
0.00521898269653
0.00254487991333
0.0021550655365
0.00181889533997
0.00259184837341
0.00198411941528
0.00818514823914
0.00266814231873
0.00200414657593
0.00620102882385
0.00276303291321
0.00200486183167
0.00523686408997
0.00262403488159
0.00199890136719
0.00202512741089
0.0028030872345
0.00226283073425
0.00471806526184
0.00276398658752
0.0021960735321
0.00578188896179
0.00264000892639
0.00226378440857
0.00240302085876
0.00279188156128
0.00220108032227
0.00763821601868
0.0024790763855
0.0023250579834
0.00717496871948
0.00259399414062
0.00229597091675
0.00648093223572
0.00262999534607
0.00245904922485
0.00501704216003
0.00245976448059
0.00230407714844
0.00510501861572
0.00291514396667
0.00587582588196
0.00794792175293
0.00246715545654
0.00232219696045
0.00463008880615
0.00248599052429
0.00823593139648
0.00790691375732
0.00251889228821
0.00954294204712
0.00791788101196
0.00259613990784
0.00949001312256
0.00782108306885
0.00288081169128
0.00303101539612
0.00601887702942
0.00280094146729
0.00247192382812
0.00678086280823
0.00266194343567
0.00407004356384
0.00535082817078
0.00278091430664
0.00249695777893
0.00469493865967
0.00268197059631
0.00248599052429
0.00486516952515
0.0028190612793
0.00300788879395
0.00411915779114
0.00271916389465
0.00230503082275
0.00498604774475
0.0027551651001
0.00748205184937
0.00565099716187
0.00271797180176
0.00934815406799
0.0079391002655
0.00285482406616
0.00917410850525
0.00733184814453
0.00262904167175
0.0075478553772
0.00552201271057
0.00288486480713
0.00602102279663
0.00799012184143
0.00255298614502
0.00233197212219
0.0070161819458
0.00256705284119
0.00222301483154
0.00607705116272
0.00273299217224
0.0064549446106
0.00803399085999
0.00265097618103
0.00244808197021
0.00687289237976
0.00323390960693
0.00796103477478
0.0087878704071
0.00274395942688
0.00251603126526
0.00596690177917
0.00274109840393
0.00246405601501
0.00477981567383
0.0025429725647
0.00753998756409
0.00856113433838
0.00256896018982
0.00215005874634
0.0064868927002
0.00310301780701
0.00253009796143
0.00473403930664
0.00274896621704
0.00244116783142
0.00482296943665
0.00276398658752
0.00217700004578
0.00511384010315
0.00262308120728
0.00232195854187
0.00499892234802
0.00256896018982
0.00584602355957
0.00560712814331
0.00247883796692
0.00276684761047
0.00497007369995
0.00251507759094
0.00968480110168
0.00371909141541
0.00247693061829
0.0057418346405
0.00786304473877
0.00251984596252
0.00234508514404
0.00699591636658
0.00264883041382
0.00228214263916
0.00713109970093
0.00257182121277
0.00550389289856
0.00792813301086
0.00238609313965
0.00578594207764
0.00529599189758
0.00254082679749
0.0080931186676
0.00785613059998
0.00253915786743
0.00230717658997
0.00717806816101
0.00253105163574
0.00211405754089
0.00583004951477
0.00240802764893
0.00220799446106
0.00501608848572
0.00265693664551
0.00820207595825
0.00519704818726
0.00269103050232
0.00940895080566
0.00781798362732
0.00257921218872
0.00222015380859
0.00724196434021
0.00284314155579
0.00248694419861
0.0065131187439
0.0027232170105
0.00540900230408
0.00896906852722
0.00275802612305
0.00819611549377
0.00787281990051
0.00264000892639
0.0022189617157
0.00719690322876
0.00256490707397
0.00225591659546
0.00711989402771
0.00265407562256
0.00225710868835
0.00648188591003
0.00273704528809
0.00607585906982
0.00788402557373
0.00309801101685
0.00258588790894
0.00443005561829
0.00263905525208
0.00233101844788
0.00824117660522
0.00264310836792
0.00603604316711
0.00787305831909
0.00275301933289
0.00231695175171
0.00658893585205
0.00268793106079
0.00234198570251
0.00696396827698
0.0025110244751
0.0064959526062
0.00727200508118
0.00244498252869
0.00231003761292
0.00735092163086
0.00241899490356
0.00237703323364
0.00495219230652
0.00249600410461
0.00793695449829
0.00780701637268
0.00269889831543
0.00944495201111
0.0078980922699
0.00259017944336
0.00549006462097
0.00611782073975
0.00259017944336
0.00248217582703
0.00488805770874
0.00280404090881
0.00733613967896
0.00553917884827
0.00275683403015
0.00937604904175
0.00781989097595
0.00265097618103
0.00957894325256
0.00773692131042
0.00271487236023
0.00541090965271
0.0069899559021
0.00288510322571
0.00219202041626
0.00209808349609
0.00362300872803
0.00233912467957
0.00371313095093
0.00271415710449
0.00220799446106
0.00195908546448
0.00270700454712
0.00214195251465
0.00829601287842
0.0026650428772
0.00209403038025
0.00211000442505
0.00323700904846
0.00211095809937
0.0077018737793
0.00249600410461
0.00221610069275
0.0053129196167
0.00259494781494
0.00219583511353
0.00528287887573
0.00255107879639
0.00218200683594
0.00203800201416
0.00269603729248
0.0022280216217
0.00826478004456
0.00252294540405
0.00275897979736
0.00208806991577
0.0024528503418
0.00238990783691
0.00777697563171
0.00271201133728
0.00218105316162
0.00707507133484
0.00289106369019
0.00233292579651
0.002032995224
0.00273084640503
0.00221610069275
0.00776982307434
0.0027539730072
0.00281095504761
0.00202989578247
0.00259494781494
0.00221395492554
0.00563788414001
0.00255513191223
0.00216913223267
0.00511384010315
0.0026159286499
0.00212001800537
0.00195503234863
0.00258016586304
0.00218510627747
0.00850486755371
0.00268292427063
0.00214409828186
0.00240802764893
0.00257706642151
0.0104079246521
0.00778388977051
0.00260901451111
0.00954794883728
0.00776886940002
0.00250792503357
0.0021059513092
0.00750708580017
0.00263905525208
0.00236701965332
0.00513911247253
0.00263214111328
0.00240898132324
0.0327939987183
0.00325608253479
0.00233888626099
0.0104160308838
0.00275111198425
0.00237584114075
0.00531005859375
0.00291609764099
0.00212597846985
0.00481200218201
0.00257515907288
0.0021641254425
0.00529789924622
0.00262594223022
0.0022280216217
0.00516700744629
0.00314807891846
0.0021607875824
0.00440311431885
0.00247001647949
0.00197410583496
0.0052649974823
0.00263905525208
0.00202393531799
0.00636696815491
0.00268697738647
0.00222206115723
0.00510501861572
0.00274801254272
0.002277135849
0.00204110145569
0.00322604179382
0.00234317779541
0.00202918052673
0.00260806083679
0.00205206871033
0.00421619415283
0.00257897377014
0.00234389305115
0.00647902488708
0.00257682800293
0.00209808349609
0.0072808265686
0.00259900093079
0.00222206115723
0.00191688537598
0.00404810905457
0.00211381912231
0.00555801391602
0.0027289390564
0.00225186347961
0.00870013237
0.00262093544006
0.0022599697113
0.00215792655945
0.00280594825745
0.00230717658997
0.00775694847107
0.00265002250671
0.0021870136261
0.00197815895081
0.00328612327576
0.00215816497803
0.004154920578
0.00257086753845
0.0022120475769
0.00324082374573
0.00253391265869
0.0021378993988
0.0307681560516
0.00271415710449
0.00227117538452
0.0110018253326
0.00274300575256
0.00220489501953
0.00716400146484
0.00279688835144
0.00222492218018
0.007483959198
0.0029239654541
0.00223183631897
0.00702810287476
0.00266218185425
0.00223207473755
0.0102500915527
0.00267505645752
0.00228404998779
0.0190410614014
0.00279378890991
0.00225710868835
0.005450963974
0.0026490688324
0.00214600563049
0.00529313087463
0.00327396392822
0.00210309028625
0.00992512702942
0.00274300575256
0.00214314460754
0.00706815719604
0.00268697738647
0.00214099884033
0.00185799598694
0.00252890586853
0.00211191177368
0.00538086891174
0.00254011154175
0.00197696685791
0.0348420143127
0.0026741027832
0.00291013717651
0.0115828514099
0.00267100334167
0.00242614746094
0.0047881603241
0.00290298461914
0.00217795372009
0.00501704216003
0.00269389152527
0.00237488746643
0.00489711761475
0.0027129650116
0.00236511230469
0.00498700141907
0.00274300575256
0.00251889228821
0.00476694107056
0.00251293182373
0.00212287902832
0.0054349899292
0.00250291824341
0.00213479995728
0.00527405738831
0.0025839805603
0.00218105316162
0.00535011291504
0.00243782997131
0.00201296806335
0.0046169757843
0.00247597694397
0.00218200683594
0.0068039894104
0.00238299369812
0.00208520889282
0.00508594512939
0.00249004364014
0.00201082229614
0.00549292564392
0.00276708602905
0.00202608108521
0.0052969455719
0.00269293785095
0.00225281715393
0.00505399703979
0.00246095657349
0.00218391418457
0.00536894798279
0.0031111240387
0.00225901603699
0.00470304489136
0.00252890586853
0.00201201438904
0.00179886817932
0.00252103805542
0.00223708152771
0.00690102577209
0.00269103050232
0.00214910507202
0.00714898109436
0.00261116027832
0.00227212905884
0.00531101226807
0.0030300617218
0.00234079360962
0.00466108322144
0.00257301330566
0.00219202041626
0.00528502464294
0.00276708602905
0.00210690498352
0.00183296203613
0.00258708000183
0.00215315818787
0.0055890083313
0.00261998176575
0.00209593772888
0.00788307189941
0.00264000892639
0.00267505645752
0.00508189201355
0.0026490688324
0.00211691856384
0.00476002693176
0.00267505645752
0.00214505195618
0.00570106506348
0.0025520324707
0.00206708908081
0.00478792190552
0.00258588790894
0.00450992584229
0.00360798835754
0.00248908996582
0.00204920768738
0.00541710853577
0.00260281562805
0.00209093093872
0.00552201271057
0.00239109992981
0.00186419487
0.00487303733826
0.00256490707397
0.00646996498108
0.00423383712769
0.00270009040833
0.00238299369812
0.0026490688324
0.00277900695801
0.00244784355164
0.00537300109863
0.00268483161926
0.00623393058777
0.0076949596405
0.00270891189575
0.00538396835327
0.00494503974915
0.00268697738647
0.00354409217834
0.00381898880005
0.00270795822144
0.00640392303467
0.00772309303284
0.00248718261719
0.00574612617493
0.00622892379761
0.00272297859192
0.00254988670349
0.00212788581848
0.00272107124329
0.00251293182373
0.00208520889282
0.00284004211426
0.00830793380737
0.00325894355774
0.00284099578857
0.00592184066772
0.00772500038147
0.00277185440063
0.00943112373352
0.00689816474915
0.00292301177979
0.00617098808289
0.00557589530945
0.00280594825745
0.00246715545654
0.00472712516785
0.00268387794495
0.00568103790283
0.00789308547974
0.00270295143127
0.00940203666687
0.00777006149292
0.00272297859192
0.00942802429199
0.00779795646667
0.00261783599854
0.00599694252014
0.00568413734436
0.00308418273926
0.00686311721802
0.00782990455627
0.00278496742249
0.00944399833679
0.00768709182739
0.00277900695801
0.00949192047119
0.00780177116394
0.00287508964539
0.00258898735046
0.00648808479309
0.00282502174377
0.00790619850159
0.00582218170166
0.00277400016785
0.00881099700928
0.00312399864197
0.00269103050232
0.0062780380249
0.0077428817749
0.00264191627502
0.00551605224609
0.00459504127502
0.00271892547607
0.00252604484558
0.00476598739624
0.00350117683411
0.00240612030029
0.00211811065674
0.00333786010742
0.00231504440308
0.00440287590027
0.00271987915039
0.00854992866516
0.00776791572571
0.00295615196228
0.00255012512207
0.00207281112671
0.00280714035034
0.00246405601501
0.00213193893433
0.00285983085632
0.00560617446899
0.00389409065247
0.0031909942627
0.00256419181824
0.00211405754089
0.00324010848999
0.00254392623901
0.00696611404419
0.00274896621704
0.0025520324707
0.00213384628296
0.00279998779297
0.00542402267456
0.0021059513092
0.00369501113892
0.00260019302368
0.00792407989502
0.00288105010986
0.00987815856934
0.00216388702393
0.00289487838745
0.00235605239868
0.00226402282715
0.00290703773499
0.00249290466309
0.00580811500549
0.00289988517761
0.00232911109924
0.00447797775269
0.00284218788147
0.0058171749115
0.00778007507324
0.0028178691864
0.00947999954224
0.00777697563171
0.00317883491516
0.00907707214355
0.00768089294434
0.00287103652954
0.00932192802429
0.00221586227417
0.00285291671753
0.00250005722046
0.00447607040405
0.00282502174377
0.00230383872986
0.00203990936279
0.00279808044434
0.00593113899231
0.00399422645569
0.00278496742249
0.00217390060425
0.00207781791687
0.00274205207825
0.0062620639801
0.00423002243042
0.00265097618103
0.00768995285034
0.00521612167358
0.00266098976135
0.00232005119324
0.00199699401855
0.00270581245422
0.00236201286316
0.00786900520325
0.00330185890198
0.0023078918457
0.00212216377258
0.00279116630554
0.00223112106323
0.00734400749207
0.00271415710449
0.00233578681946
0.00208806991577
0.00274586677551
0.00226306915283
0.00650000572205
0.00265002250671
0.00229907035828
0.00400519371033
0.00266098976135
0.0028829574585
0.00209593772888
0.00262403488159
0.0023250579834
0.00463509559631
0.0024631023407
0.00227689743042
0.00208902359009
0.0025429725647
0.00226712226868
0.00851511955261
0.00254201889038
0.00232005119324
0.00202202796936
0.00255513191223
0.00272417068481
0.00201201438904
0.0026330947876
0.00229215621948
0.00773811340332
0.00259399414062
0.00227880477905
0.00202894210815
0.00249195098877
0.00224208831787
0.00832891464233
0.00232720375061
0.00225901603699
0.00206303596497
0.00249099731445
0.00339388847351
0.00744700431824
0.00265979766846
0.00231504440308
0.00218296051025
0.0065279006958
0.00239181518555
0.00223016738892
0.00272297859192
0.00233197212219
0.00877404212952
0.0029079914093
0.0023238658905
0.00208401679993
0.00280785560608
0.00231909751892
0.00251603126526
0.00682306289673
0.00238704681396
0.00203490257263
0.00268292427063
0.0022189617157
0.00872206687927
0.00261187553406
0.00225496292114
0.0019588470459
0.00521492958069
0.00218486785889
0.00571608543396
0.00402784347534
0.00228905677795
0.00560593605042
0.00886487960815
0.0023148059845
0.00209808349609
0.0071280002594
0.00214219093323
0.00551819801331
0.00306606292725
0.00325393676758
0.00600600242615
0.00285601615906
0.00247597694397
0.00475001335144
0.00283598899841
0.00243902206421
0.00472402572632
0.00794410705566
0.00284218788147
0.00217199325562
0.00690007209778
0.0023980140686
0.00529909133911
0.0041561126709
0.00226092338562
0.00563097000122
0.00812602043152
0.00222015380859
0.00212717056274
0.00775408744812
0.00233197212219
0.00537204742432
0.00815510749817
0.00266408920288
0.00512290000916
0.00712084770203
0.00220608711243
0.00198292732239
0.00577402114868
0.00226998329163
0.00741195678711
0.00931692123413
0.00222206115723
0.00565600395203
0.00335311889648
0.00225591659546
0.00204992294312
0.00567007064819
0.00219917297363
0.00785112380981
0.0090069770813
0.00230002403259
0.00190711021423
0.0070469379425
0.00219702720642
0.00216794013977
0.00570392608643
0.00245690345764
0.00727295875549
0.00890588760376
0.00230407714844
0.00218510627747
0.00689101219177
0.00246405601501
0.00585794448853
0.0082368850708
0.00232410430908
0.00541687011719
0.00577092170715
0.00245404243469
0.00209784507751
0.00546097755432
0.00231099128723
0.00579214096069
0.00276899337769
0.00227904319763
0.00217199325562
0.00298404693604
0.00225400924683
0.00589203834534
0.00318193435669
0.00230288505554
0.00201392173767
0.00258708000183
0.00223803520203
0.00526404380798
0.00265884399414
0.00212001800537
0.0071439743042
0.00261902809143
0.00222992897034
0.00711703300476
0.00262999534607
0.00231099128723
0.00204706192017
0.00262904167175
0.00260090827942
0.00778102874756
0.00267720222473
0.00216507911682
0.00226783752441
0.00258207321167
0.00253200531006
0.00790214538574
0.00253701210022
0.00243806838989
0.00217294692993
0.00285887718201
0.00234794616699
0.00616788864136
0.00275087356567
0.00239300727844
0.00271606445312
0.00262093544006
0.00234007835388
0.00860714912415
0.00294399261475
0.00245594978333
0.00202918052673
0.00287795066833
0.00223708152771
0.00728988647461
0.00254797935486
0.0022919178009
0.00371098518372
0.00260090827942
0.0024688243866
0.00690793991089
0.00247406959534
0.00231885910034
0.00676608085632
0.00270009040833
0.00230383872986
0.00570106506348
0.00271487236023
0.0023250579834
0.00213503837585
0.00351190567017
0.00237512588501
0.00713419914246
0.00284504890442
0.00240302085876
0.00261616706848
0.00257802009583
0.0023078918457
0.00721311569214
0.00251293182373
0.00229787826538
0.00522208213806
0.0025269985199
0.00235795974731
0.00193095207214
0.00241684913635
0.00221514701843
0.00195002555847
0.0024631023407
0.0022120475769
0.00981593132019
0.00234889984131
0.00226402282715
0.00194382667542
0.00238013267517
0.0021710395813
0.00776791572571
0.00249600410461
0.0022120475769
0.00192999839783
0.00257205963135
0.00213289260864
0.00732707977295
0.00238609313965
0.00222182273865
0.00870704650879
0.00260901451111
0.00271511077881
0.00632309913635
0.0026969909668
0.00220680236816
0.0051600933075
0.00241112709045
0.00220084190369
0.00531101226807
0.00269222259521
0.00213503837585
0.00382089614868
0.00250101089478
0.00211405754089
0.00681400299072
0.00245308876038
0.00271797180176
0.00487303733826
0.00247192382812
0.0021858215332
0.00532293319702
0.00236296653748
0.00209403038025
0.00557088851929
0.00236797332764
0.00199890136719
0.0056369304657
0.00252294540405
0.00217890739441
0.00187301635742
0.0023729801178
0.00195503234863
0.00227999687195
0.00231099128723
0.00205206871033
0.00181102752686
0.00234699249268
0.00193214416504
0.00644111633301
0.0023398399353
0.00203514099121
0.00562310218811
0.0023729801178
0.00207781791687
0.00375294685364
0.00230312347412
0.00194001197815
0.00729608535767
0.00283002853394
0.00202798843384
0.00802302360535
0.00310206413269
0.00238084793091
0.00593495368958
0.0023820400238
0.00875115394592
0.00535488128662
0.00237989425659
0.00221490859985
0.00536298751831
0.00240206718445
0.00243616104126
0.00531315803528
0.00275611877441
0.00747108459473
0.00503396987915
0.00239086151123
0.00570702552795
0.00452184677124
0.00268006324768
0.00242304801941
0.00630307197571
0.002601146698
0.00552082061768
0.00788807868958
0.00244688987732
0.00566387176514
0.00691890716553
0.00249004364014
0.00285887718201
0.00467395782471
0.00288605690002
0.00220894813538
0.00797009468079
0.00269222259521
0.00225305557251
0.00887203216553
0.00271415710449
0.0022439956665
0.00203919410706
0.00252509117126
0.00225687026978
0.00533199310303
0.00250387191772
0.00224685668945
0.00619506835938
0.00246810913086
0.00230002403259
0.00716090202332
0.00269198417664
0.00212001800537
0.00184106826782
0.00261402130127
0.00222015380859
0.00929808616638
0.00263285636902
0.00236105918884
0.00207185745239
0.00258493423462
0.00237202644348
0.0076220035553
0.00245904922485
0.00226902961731
0.00677895545959
0.00255084037781
0.00217199325562
0.00202107429504
0.00255417823792
0.00230598449707
0.00834012031555
0.0027129650116
0.0022439956665
0.00716805458069
0.00261688232422
0.00225496292114
0.0022349357605
0.00328302383423
0.00221300125122
0.00725698471069
0.00272393226624
0.00230288505554
0.00500106811523
0.00261878967285
0.00207185745239
0.00515389442444
0.00258994102478
0.00209808349609
0.00192809104919
0.00257110595703
0.00215792655945
0.00186896324158
0.00267720222473
0.00259399414062
0.00554490089417
0.00265288352966
0.0022759437561
0.00709795951843
0.00268697738647
0.00214505195618
0.00717902183533
0.00276589393616
0.00211691856384
0.00701999664307
0.00268387794495
0.00216197967529
0.00560092926025
0.00275087356567
0.00262594223022
0.00465989112854
0.00266313552856
0.00214290618896
0.00523400306702
0.00282788276672
0.00210905075073
0.00499701499939
0.00274205207825
0.00204300880432
0.00181603431702
0.00273585319519
0.00201511383057
0.00202894210815
0.00272607803345
0.00306510925293
0.00834488868713
0.00265908241272
0.00206112861633
0.00180315971375
0.0026741027832
0.00199699401855
0.00849103927612
0.00266695022583
0.00218200683594
0.00402903556824
0.00268006324768
0.0021641254425
0.00645184516907
0.00270891189575
0.00231504440308
0.00688695907593
0.00323390960693
0.00232791900635
0.00197887420654
0.00279593467712
0.00235509872437
0.00725507736206
0.00264191627502
0.00228190422058
0.00501108169556
0.00264000892639
0.00225210189819
0.00508904457092
0.00262999534607
0.00239181518555
0.00637197494507
0.00304698944092
0.00565195083618
0.00785899162292
0.00253009796143
0.00237798690796
0.00405192375183
0.00251007080078
0.0086669921875
0.00351500511169
0.00267195701599
0.0059380531311
0.00779819488525
0.00248694419861
0.00553798675537
0.0056529045105
0.00271701812744
0.00289607048035
0.0046021938324
0.00259804725647
0.00574493408203
0.00782895088196
0.00268483161926
0.00946116447449
0.00798797607422
0.002681016922
0.00640892982483
0.00482702255249
0.00249290466309
0.00246095657349
0.00506997108459
0.00254583358765
0.00229811668396
0.0110321044922
0.00251007080078
0.00650501251221
0.00533890724182
0.00273203849792
0.00238299369812
0.00488114356995
0.0026969909668
0.00254201889038
0.00467491149902
0.00255990028381
0.00234889984131
0.00514006614685
0.00271415710449
0.00745511054993
0.00585198402405
0.00279211997986
0.00222206115723
0.00378394126892
0.00275802612305
0.00222611427307
0.00578808784485
0.00264000892639
0.00548791885376
0.00657892227173
0.00285387039185
0.00247693061829
0.00471305847168
0.00266790390015
0.00754189491272
0.0050151348114
0.00319600105286
0.00900602340698
0.00779700279236
0.00279211997986
0.009357213974
0.00783109664917
0.002760887146
0.00247001647949
0.00397109985352
0.00272703170776
0.00248503684998
0.00556206703186
0.00278496742249
0.00944805145264
0.00774502754211
0.0026969909668
0.00945091247559
0.00387096405029
0.00277996063232
0.00684213638306
0.00641202926636
0.00279784202576
0.00249791145325
0.00660610198975
0.0026581287384
0.00231194496155
0.00663089752197
0.00274205207825
0.00236105918884
0.00485301017761
0.0026969909668
0.00281095504761
0.00452494621277
0.00265598297119
0.0176000595093
0.00810813903809
0.00271010398865
0.00231003761292
0.00684905052185
0.00267696380615
0.00753808021545
0.00595211982727
