0.00162291526794
0.00230884552002
0.00254607200623
0.00162601470947
0.00218200683594
0.00208902359009
0.00157189369202
0.00229477882385
0.00208902359009
0.00159287452698
0.00229501724243
0.00204491615295
0.00156784057617
0.00235199928284
0.00176882743835
0.00162196159363
0.00225901603699
0.00205206871033
0.00152492523193
0.00221180915833
0.00209593772888
0.00148677825928
0.00241804122925
0.00205206871033
0.00148606300354
0.00228905677795
0.00191402435303
0.00143599510193
0.00274085998535
0.00202083587646
0.00143885612488
0.00251889228821
0.00196194648743
0.00142312049866
0.00234317779541
0.00216102600098
0.00136804580688
0.00208401679993
0.00196695327759
0.00303912162781
0.00220394134521
0.00194406509399
0.0055239200592
0.00213384628296
0.00168800354004
0.00242900848389
0.00259017944336
0.00193381309509
0.00142097473145
0.00209999084473
0.00187802314758
0.00138902664185
0.00199913978577
0.00188708305359
0.00395798683167
0.00189900398254
0.00189614295959
0.00625205039978
0.00203418731689
0.00192499160767
0.00135493278503
0.00252199172974
0.00192308425903
0.00140595436096
0.00189614295959
0.00214195251465
0.00136208534241
0.00190997123718
0.00227189064026
0.00132179260254
0.00187706947327
0.00227093696594
0.00135803222656
0.00190305709839
0.00231385231018
0.00211381912231
0.00199794769287
0.00231504440308
0.00138998031616
0.00190114974976
0.00200796127319
0.00132083892822
0.00193405151367
0.0022349357605
0.00134181976318
0.00185990333557
0.00227999687195
0.00135803222656
0.00189399719238
0.00228714942932
0.00133895874023
0.00194716453552
0.0027220249176
0.00145387649536
0.00190401077271
0.00223588943481
0.00130295753479
0.00195598602295
0.00191307067871
0.001305103302
0.00184893608093
0.00216197967529
0.00134301185608
0.00183296203613
0.0020010471344
0.00134301185608
0.00201201438904
0.00279116630554
0.00136995315552
0.0019519329071
0.00229215621948
0.00132012367249
0.00182294845581
0.00222396850586
0.00129795074463
0.0018630027771
0.00218296051025
0.00126886367798
0.00185298919678
0.00222706794739
0.00129914283752
0.00189113616943
0.00211787223816
0.00156998634338
0.00197196006775
0.00220894813538
0.00131702423096
0.00193810462952
0.00213694572449
0.00135779380798
0.0131020545959
0.0021960735321
0.0013530254364
0.00188589096069
0.0021059513092
0.00133800506592
0.00182104110718
0.0022439956665
0.00135087966919
0.00253319740295
0.00311303138733
0.00204300880432
0.00273299217224
0.00229406356812
0.00183892250061
0.00229597091675
0.00239491462708
0.00494503974915
0.00219202041626
0.00226593017578
0.00155687332153
0.00222587585449
0.00229406356812
0.00153493881226
0.00251984596252
0.00229096412659
0.00150585174561
0.00215101242065
0.00225210189819
0.00149011611938
0.00212097167969
0.00223612785339
0.00149703025818
0.0020489692688
0.00225782394409
0.00150084495544
0.0022599697113
0.0021858215332
0.00145888328552
0.00208497047424
0.00258493423462
0.00151014328003
0.00204205513
0.00213408470154
0.00152802467346
0.00315308570862
0.00206708908081
0.00484204292297
0.00294089317322
0.0040340423584
0.00507402420044
0.00817084312439
0.00303506851196
0.00373101234436
0.005206823349
0.00829005241394
0.00226306915283
0.00593113899231
0.00224208831787
0.00256109237671
0.0025041103363
0.00199294090271
0.00559902191162
0.00253915786743
0.00237417221069
0.00194907188416
0.00324892997742
0.00231504440308
0.00751805305481
0.00906705856323
0.00233387947083
0.00589394569397
0.00247383117676
0.00227308273315
0.00679302215576
0.14849114418
0.00242495536804
0.00212788581848
0.0027859210968
0.0021550655365
0.00433897972107
0.00260210037231
0.00246405601501
0.00491690635681
0.00256109237671
0.00215101242065
0.00531601905823
0.00632786750793
0.00234508514404
0.0037248134613
0.00253891944885
0.00226092338562
0.00280904769897
0.0025429725647
0.00212287902832
0.00488495826721
0.00252199172974
0.00227904319763
0.00558090209961
0.00247883796692
0.00231909751892
0.00523114204407
0.0025110244751
0.00283479690552
0.00198101997375
0.00256681442261
0.00227189064026
0.00731492042542
0.00240588188171
0.00226092338562
0.00592279434204
0.00234293937683
0.00230979919434
0.00530910491943
0.00272297859192
0.00232887268066
0.00520992279053
0.00248503684998
0.00286793708801
0.00463509559631
0.0023729801178
0.00222587585449
0.00549387931824
0.00267004966736
0.00232601165771
0.00522089004517
0.00260400772095
0.00250601768494
0.00496697425842
0.00265192985535
0.0024311542511
0.0048680305481
0.00261211395264
0.00346899032593
0.00188994407654
0.00247287750244
0.00230288505554
0.00192785263062
0.0024299621582
0.00217700004578
0.00747394561768
0.00242114067078
0.00230002403259
0.00727391242981
0.00240993499756
0.00228500366211
0.00177001953125
0.00244402885437
0.00231790542603
0.00909900665283
0.00246906280518
0.00201010704041
0.0065438747406
0.0024471282959
0.00224614143372
0.00198721885681
0.0025908946991
0.00229001045227
0.00523614883423
0.00270795822144
0.00224590301514
0.00703096389771
0.00261306762695
0.00235819816589
0.00433397293091
0.00314879417419
0.00226998329163
0.00527310371399
0.00253415107727
0.00228095054626
0.00680685043335
0.00253582000732
0.00233888626099
0.00410795211792
0.00246214866638
0.00895595550537
0.00191712379456
0.00240087509155
0.00224804878235
0.00311303138733
0.00249791145325
0.00284886360168
0.00472402572632
0.00260710716248
0.00230097770691
0.00519585609436
0.00253391265869
0.00233006477356
0.00503993034363
0.00242018699646
0.00229811668396
0.00545001029968
0.00610089302063
0.002357006073
0.00540709495544
0.0064640045166
0.00282001495361
0.00671696662903
0.00830388069153
0.00801396369934
0.00399017333984
0.0078399181366
0.00443601608276
0.00733995437622
0.00824689865112
0.00385594367981
0.00787496566772
0.00422692298889
0.00677990913391
0.00500988960266
0.00493717193604
0.00745797157288
0.0079939365387
0.00463819503784
0.00730895996094
0.00761580467224
0.00515794754028
0.0071918964386
0.00784707069397
0.00539398193359
0.00675702095032
0.00366401672363
0.00867414474487
0.00764918327332
0.00774097442627
0.00557088851929
0.00244402885437
0.00745677947998
0.00327014923096
0.00238108634949
0.00448203086853
0.00664901733398
0.0034921169281
0.00826120376587
0.00820899009705
0.00346779823303
0.00920701026917
0.00273108482361
0.00832414627075
0.0081250667572
0.00824213027954
0.00377583503723
0.00799489021301
0.00870800018311
0.00329780578613
0.00805997848511
0.00816202163696
0.00387096405029
0.00787591934204
0.00824308395386
0.00395011901855
0.00780916213989
0.00827693939209
0.00389194488525
0.00781393051147
0.00831913948059
0.00406503677368
0.00762701034546
0.00817108154297
0.00487399101257
0.00693607330322
0.00829386711121
0.00433087348938
0.00736284255981
0.00827598571777
0.00442600250244
0.0672450065613
0.0244519710541
0.0478231906891
0.115707874298
0.0123400688171
0.0440509319305
0.133118867874
0.0229098796844
0.0239839553833
0.115571022034
0.00640511512756
0.0339760780334
0.0556530952454
0.0244059562683
0.0159039497375
0.0436320304871
0.00716209411621
0.00544905662537
0.0043261051178
0.00743913650513
0.00794410705566
0.00476288795471
0.00708103179932
0.00318598747253
0.00906586647034
0.00772285461426
0.00318002700806
0.00865411758423
0.00269198417664
0.00217509269714
0.00633692741394
0.00277090072632
0.00243782997131
0.0396299362183
0.00286817550659
0.00260901451111
0.0184998512268
0.00277280807495
0.00254106521606
0.00679612159729
0.00281715393066
0.0024471282959
0.00430393218994
0.00272679328918
0.0023729801178
0.00490593910217
0.00274205207825
0.00206899642944
0.0018949508667
0.00263977050781
0.00709891319275
0.0076949596405
0.00276303291321
0.002445936203
0.00311899185181
0.00274300575256
0.00256204605103
0.00634789466858
0.00275897979736
0.00373482704163
0.00550389289856
0.00264286994934
0.00554490089417
0.00599002838135
0.00267815589905
0.00230503082275
0.00510215759277
0.00282502174377
0.00752687454224
0.00470304489136
0.00278806686401
0.00397109985352
0.00600790977478
0.00271391868591
0.00549411773682
0.00407409667969
0.00271582603455
0.0022988319397
0.00514101982117
0.00268077850342
0.0023729801178
0.0050368309021
0.00281381607056
0.00731897354126
0.00534701347351
0.00273704528809
0.0057909488678
0.00434803962708
0.00300312042236
0.00243496894836
0.00567483901978
0.00284910202026
0.00817894935608
0.00431489944458
0.00283098220825
0.00221014022827
0.00758004188538
0.00265407562256
0.00540781021118
0.00483894348145
0.00273609161377
0.00744414329529
0.00930309295654
0.00270891189575
0.00236415863037
0.00558400154114
0.00269293785095
0.00210499763489
0.0120899677277
0.00281596183777
0.00235509872437
0.026829957962
0.00267601013184
0.00230097770691
0.00654101371765
0.00280499458313
0.0058000087738
0.0045440196991
0.00345396995544
0.00428199768066
0.007728099823
0.00281405448914
0.00244808197021
0.00629377365112
0.00279593467712
0.00566792488098
0.00786590576172
0.00281095504761
0.00248503684998
0.00669598579407
0.00280690193176
0.00229787826538
0.00679492950439
0.00325083732605
0.00228500366211
0.0043511390686
0.00281190872192
0.00217700004578
0.0211510658264
0.002760887146
0.00935316085815
0.00558018684387
0.00276589393616
0.00222992897034
0.00928211212158
0.0027768611908
0.00221490859985
0.00473189353943
0.0026638507843
0.00288486480713
0.0070948600769
0.00259399414062
0.00246715545654
0.00496602058411
0.00269794464111
0.00700283050537
0.00978088378906
0.00262308120728
0.00568985939026
0.00454187393188
0.00266003608704
0.00239396095276
0.00613284111023
0.00267195701599
0.0072820186615
0.00604295730591
0.00263595581055
0.00569820404053
0.00765204429626
0.00264692306519
0.00562405586243
0.00664901733398
0.00259304046631
0.00200009346008
0.00555801391602
0.00285005569458
0.00242114067078
0.0048041343689
0.0027539730072
0.0063591003418
0.00817108154297
0.00267910957336
0.00913596153259
0.00772285461426
0.00262498855591
0.00242686271667
0.00693392753601
0.00261783599854
0.00239109992981
0.00634694099426
0.00287985801697
0.00594186782837
0.007896900177
0.00273203849792
0.00197601318359
0.00728893280029
0.00330185890198
0.00214385986328
0.00451111793518
0.00273609161377
0.0024139881134
0.00652503967285
0.00270485877991
0.00238394737244
0.00484085083008
0.00276303291321
0.00585293769836
0.00769400596619
0.00264501571655
0.00240588188171
0.00693297386169
0.00271797180176
0.00495982170105
0.0035560131073
0.00321912765503
0.00590991973877
0.00787305831909
0.00300192832947
0.00901103019714
0.00401377677917
0.00289916992188
0.00521993637085
0.00773215293884
0.00294518470764
0.00265216827393
0.00647902488708
0.00290393829346
0.00300192832947
0.00420880317688
0.00289106369019
0.0022599697113
0.0725038051605
0.0028510093689
0.00938701629639
0.0720520019531
0.00292682647705
0.00275301933289
0.0179829597473
0.00281095504761
0.00943398475647
0.00784802436829
0.00291705131531
0.0036289691925
0.00215101242065
0.0027871131897
0.00862002372742
0.00545787811279
0.00274014472961
0.00238800048828
0.00474500656128
0.00269508361816
0.00589513778687
0.00781893730164
0.00258708000183
0.00558495521545
0.00559592247009
0.00258493423462
0.00232005119324
0.0291690826416
0.00316119194031
0.00206398963928
0.0148980617523
0.00262212753296
0.00967502593994
0.00373101234436
0.00275897979736
0.00545001029968
0.0358431339264
0.00293207168579
0.00226712226868
0.0187220573425
0.0029399394989
0.00236892700195
0.00670790672302
0.00342297554016
0.00210213661194
0.0384759902954
0.0030460357666
0.0023729801178
0.0586049556732
0.00290608406067
0.00242710113525
0.0746388435364
0.00315999984741
0.00239610671997
0.0464549064636
0.00309801101685
0.00240683555603
0.00645804405212
0.00295615196228
0.00259613990784
0.0345139503479
0.00292301177979
0.00219917297363
0.0587968826294
0.00284504890442
0.00226998329163
0.00692582130432
0.002769947052
0.00227499008179
0.0195000171661
0.00273489952087
0.0021231174469
0.00523710250854
0.00263404846191
0.00211811065674
0.00530815124512
0.00280117988586
0.00222992897034
0.00492906570435
0.00273895263672
0.0020489692688
0.00832605361938
0.00261211395264
0.00203108787537
0.00592398643494
0.0025749206543
0.00201916694641
0.00479006767273
0.00249481201172
0.00196385383606
0.0199110507965
0.0025429725647
0.00215983390808
0.00176191329956
0.00257110595703
0.00217795372009
0.0085768699646
0.00276303291321
0.00227499008179
0.00193381309509
0.00271105766296
0.00219893455505
0.0198929309845
0.00261998176575
0.00224709510803
0.0513341426849
0.00339579582214
0.00235915184021
0.0223591327667
0.00280690193176
0.00227403640747
0.00673818588257
0.00279307365417
0.00206303596497
0.0071280002594
0.00279402732849
0.00221300125122
0.00697493553162
0.00271892547607
0.00190711021423
0.00732183456421
0.00268697738647
0.00255513191223
0.00502014160156
0.00264096260071
0.00201487541199
0.00516390800476
0.00269889831543
0.0020170211792
0.00552201271057
0.00255489349365
0.00201892852783
0.00503993034363
0.00256419181824
0.00206303596497
0.00191712379456
0.0025839805603
0.00254201889038
0.00827598571777
0.002610206604
0.00199294090271
0.0059289932251
0.00260901451111
0.00200414657593
0.00546813011169
0.00266218185425
0.00212717056274
0.00520205497742
0.00257396697998
0.00208806991577
0.00552010536194
0.00267505645752
0.00209617614746
0.00235199928284
0.0025851726532
0.00203394889832
0.00198793411255
0.00273489952087
0.00198912620544
0.00827503204346
0.0027449131012
0.00193309783936
0.0019359588623
0.00249195098877
0.00207996368408
0.00528788566589
0.00259280204773
0.00200700759888
0.00182509422302
0.0029981136322
0.00210309028625
0.00539302825928
0.00242400169373
0.00213694572449
0.00174784660339
0.00252294540405
0.00215601921082
0.00958395004272
0.00247693061829
0.00212407112122
0.00167417526245
0.0023729801178
0.00195002555847
0.0138719081879
0.00280094146729
0.00200700759888
0.00501990318298
0.002286195755
0.00192594528198
0.00722098350525
0.00237202644348
0.00204110145569
0.00799703598022
0.00231099128723
0.00197911262512
0.00151491165161
0.00221490859985
0.00206112861633
0.00593996047974
0.00328588485718
0.00207495689392
0.00663614273071
0.0021390914917
0.00209999084473
0.00524997711182
0.00218105316162
0.00211095809937
0.00613689422607
0.0022189617157
0.00193285942078
0.00780200958252
0.00226306915283
0.0019371509552
0.00143313407898
0.0031099319458
0.00199294090271
0.00527715682983
0.00233101844788
0.00200200080872
0.00723505020142
0.00221514701843
0.00200009346008
0.00815916061401
0.0021960735321
0.00202298164368
0.00138688087463
0.00216603279114
0.00214600563049
0.00139284133911
0.00216794013977
0.00216698646545
0.00672888755798
0.0021698474884
0.00210809707642
0.00528407096863
0.00218415260315
0.00201511383057
0.00601196289062
0.00211095809937
0.00211691856384
0.00553202629089
0.00233387947083
0.00212407112122
0.0318360328674
0.00256705284119
0.0022828578949
0.00712490081787
0.00288200378418
0.00230813026428
0.0068359375
0.00249910354614
0.00217199325562
0.0111989974976
0.00246715545654
0.00209212303162
0.00523614883423
0.00234293937683
0.00224995613098
0.00559091567993
0.00244808197021
0.00222706794739
0.00726699829102
0.00235891342163
0.0027379989624
0.00704216957092
0.00239014625549
0.00217795372009
0.00631403923035
0.00234293937683
0.00214385986328
0.00549602508545
0.00229907035828
0.00219583511353
0.00157785415649
0.00227689743042
0.00231885910034
0.00618100166321
0.00237488746643
0.00264406204224
0.00161600112915
0.00222301483154
0.00213813781738
0.00701594352722
0.00235295295715
0.0022120475769
0.00527596473694
0.0023398399353
0.00210285186768
0.0295679569244
0.00229907035828
0.00210380554199
0.0161249637604
0.00271010398865
0.00204396247864
0.0467579364777
0.00276899337769
0.00228905677795
0.0474660396576
0.0027129650116
0.00218105316162
0.0372149944305
0.0027060508728
0.00209188461304
0.0410578250885
0.00270891189575
0.00219893455505
0.0311141014099
0.00275301933289
0.00240707397461
0.00685214996338
0.00324392318726
0.00229692459106
0.0263969898224
0.0027060508728
0.00224304199219
0.00199794769287
0.00358510017395
0.00224208831787
0.00723385810852
0.00265192985535
0.00231981277466
0.00633502006531
0.0026969909668
0.0021960735321
0.00500011444092
0.00301599502563
0.00206899642944
0.00960183143616
0.00254893302917
0.00221300125122
0.00723886489868
0.00250792503357
0.00212788581848
0.0474190711975
0.00286507606506
0.002201795578
0.00679206848145
0.00282907485962
0.00230813026428
0.0309190750122
0.00265598297119
0.00269293785095
0.0347008705139
0.00266885757446
0.00217604637146
0.0551428794861
0.0026969909668
0.00231909751892
0.059032201767
0.00286102294922
0.00222587585449
0.0421869754791
0.00281715393066
0.00220108032227
0.00761795043945
0.00274801254272
0.00219798088074
0.00239300727844
0.00264000892639
0.00223088264465
0.0157089233398
0.00268483161926
0.00208306312561
0.0473701953888
0.00284695625305
0.00217485427856
0.00657391548157
0.00282216072083
0.0022120475769
0.00188708305359
0.00266194343567
0.00204801559448
0.0301029682159
0.00287508964539
0.0022029876709
0.00952196121216
0.00271892547607
0.00215101242065
0.00475811958313
0.00276899337769
0.00206995010376
0.00539684295654
0.00265192985535
0.00205898284912
0.00726294517517
0.00258684158325
0.00203895568848
0.00846982002258
0.00259804725647
0.00197005271912
0.00449204444885
0.00249886512756
0.0020649433136
0.00546002388
0.00255990028381
0.00208497047424
0.0190539360046
0.00267195701599
0.00207686424255
0.0314311981201
0.00284814834595
0.00209498405457
0.00211191177368
0.00272583961487
0.002681016922
0.00311017036438
0.00282311439514
0.00218892097473
0.00732493400574
0.00274705886841
0.00216889381409
0.00192499160767
0.00266194343567
0.00200986862183
0.00839185714722
0.0025589466095
0.00209808349609
0.0232701301575
0.0026969909668
0.00256705284119
0.0669519901276
0.00290894508362
0.00216698646545
0.00698685646057
0.00279903411865
0.00220704078674
0.0268778800964
0.00269985198975
0.0020968914032
0.0231950283051
0.00270700454712
0.00204396247864
0.0019268989563
0.00278782844543
0.00202894210815
0.00863218307495
0.00282907485962
0.00207996368408
0.00202202796936
0.00284004211426
0.00201892852783
0.0440690517426
0.0028657913208
0.00216698646545
0.00705909729004
0.00288486480713
0.00218081474304
0.0188219547272
0.0027379989624
0.0020740032196
0.00604009628296
0.0041880607605
0.00216889381409
0.00372886657715
0.00280094146729
0.0022349357605
0.0420081615448
0.0028440952301
0.00219202041626
0.0149848461151
0.00284481048584
0.00220608711243
0.0268530845642
0.00281190872192
0.00219321250916
0.00645899772644
0.00329494476318
0.00219678878784
0.0429990291595
0.00283980369568
0.00216197967529
0.00696420669556
0.0028440952301
0.00207209587097
0.00510311126709
0.00273108482361
0.00197911262512
0.00528597831726
0.00275993347168
0.00198602676392
0.00198793411255
0.00276803970337
0.00249218940735
0.0119709968567
0.00270581245422
0.00197005271912
0.00734400749207
0.00280809402466
0.00195503234863
0.00945496559143
0.00271511077881
0.00195217132568
0.00520396232605
0.00286197662354
0.00199890136719
0.00337195396423
0.00274300575256
0.00214600563049
0.0025999546051
0.00286793708801
0.00219893455505
0.0270829200745
0.00274801254272
0.00216698646545
0.00767302513123
0.00276803970337
0.00211596488953
0.0305559635162
0.00286507606506
0.00213122367859
0.0070469379425
0.00277400016785
0.00208210945129
0.00246000289917
0.00286817550659
0.00207996368408
0.00771880149841
0.00266003608704
0.0021231174469
0.00195002555847
0.00283002853394
0.00206279754639
0.0082700252533
0.00269198417664
0.00206995010376
0.00184202194214
0.00268387794495
0.00207901000977
0.00862312316895
0.00315499305725
0.00211691856384
0.00184988975525
0.00271201133728
0.00209307670593
0.00796008110046
0.00257396697998
0.00205993652344
0.0434749126434
0.00281000137329
0.00273609161377
0.0265100002289
0.0028350353241
0.00205898284912
0.00715494155884
0.00277185440063
0.0025839805603
0.00205087661743
0.00287795066833
0.00203919410706
0.0155670642853
0.00274395942688
0.00194501876831
0.00734710693359
0.00285696983337
0.00193095207214
0.00192809104919
0.00280213356018
0.00194692611694
0.00475287437439
0.00272488594055
0.00243997573853
0.0066089630127
0.00279784202576
0.00201296806335
0.00586199760437
0.00292110443115
0.0020899772644
0.00195598602295
0.0027539730072
0.0021059513092
0.0116600990295
0.00257205963135
0.0020318031311
0.0050950050354
0.00272798538208
0.00319695472717
0.00194501876831
0.00256299972534
0.00186920166016
0.00177407264709
0.0025589466095
0.00183987617493
0.00541281700134
0.0025680065155
0.00183916091919
0.00763511657715
0.00245094299316
0.00188183784485
0.00393581390381
0.00249004364014
0.00188207626343
0.00726509094238
0.0164160728455
0.00223183631897
0.00533103942871
0.00266313552856
0.00220012664795
0.00614309310913
0.00272011756897
0.00208497047424
0.0051429271698
0.00258016586304
0.00214219093323
0.00183796882629
0.00265002250671
0.00205707550049
0.00177812576294
0.00247597694397
0.00204491615295
0.00549077987671
0.00254797935486
0.0019519329071
0.007493019104
0.00277781486511
0.00201487541199
0.00372195243835
0.00260591506958
0.00204920768738
0.00682806968689
0.00254511833191
0.00194787979126
0.00635504722595
0.00255012512207
0.00197982788086
0.00853180885315
0.00253987312317
0.00194382667542
0.00214505195618
0.00248789787292
0.00190997123718
0.00497484207153
0.00250291824341
0.00194787979126
0.00752091407776
0.00254416465759
0.00196504592896
0.00177812576294
0.00239014625549
0.00201296806335
0.0092990398407
0.00246810913086
0.00250506401062
0.00701498985291
0.00244688987732
0.00221705436707
0.00691604614258
0.00240612030029
0.00218510627747
0.00549411773682
0.00241112709045
0.0020489692688
0.00555801391602
0.0024299621582
0.00209403038025
0.00547790527344
0.00233697891235
0.00261092185974
0.00917196273804
0.00247406959534
0.00200414657593
0.00756812095642
0.00232195854187
0.0020170211792
0.00156092643738
0.00303101539612
0.00202989578247
0.00897121429443
0.00231409072876
0.00200605392456
0.00763821601868
0.00259494781494
0.00204396247864
0.0228049755096
0.00276303291321
0.00221800804138
0.0481460094452
0.00278210639954
0.0022189617157
0.0228400230408
0.00276303291321
0.00218892097473
0.00704312324524
0.00271081924438
0.0020649433136
0.0631799697876
0.00325012207031
0.00221800804138
0.0465140342712
0.0028030872345
0.00232100486755
0.0749039649963
0.0028920173645
0.00232696533203
0.0387439727783
0.0028350353241
0.00221395492554
0.0749409198761
0.00291895866394
0.00234603881836
0.0153841972351
0.00285315513611
0.00231909751892
0.00205898284912
0.00276494026184
0.00223088264465
0.0351288318634
0.00279188156128
0.00227093696594
0.00203895568848
0.00280594825745
0.00227999687195
0.0077052116394
0.00278306007385
0.00217080116272
0.027067899704
0.002681016922
0.00207114219666
0.0311031341553
0.00268697738647
0.00206303596497
0.00743794441223
0.00267696380615
0.002032995224
0.00713515281677
0.00264716148376
0.00198793411255
0.031366109848
0.00264191627502
0.00247597694397
0.00693011283875
0.00262093544006
0.00213694572449
0.0151388645172
0.0027220249176
0.00204205513
0.00735998153687
0.00272297859192
0.00208497047424
0.0231509208679
0.00272417068481
0.00210809707642
0.0192070007324
0.00281000137329
0.00257515907288
0.0306589603424
0.00275611877441
0.00210118293762
0.0671110153198
0.00294589996338
0.00237798690796
0.0265879631042
0.00287103652954
0.00215601921082
0.0797400474548
0.00287294387817
0.00228190422058
0.010143995285
0.00391602516174
0.00223612785339
0.00992703437805
0.00290679931641
0.00231003761292
0.00669598579407
0.00288009643555
0.00210881233215
0.00198197364807
0.00276589393616
0.00223278999329
0.0446910858154
0.00283122062683
0.00220608711243
0.0262260437012
0.00279808044434
0.00208497047424
0.0190680027008
0.00283002853394
0.00216102600098
0.00198483467102
0.00275301933289
0.00212812423706
0.0201900005341
0.00279688835144
0.00211000442505
0.0110530853271
0.00275611877441
0.00213813781738
0.0270631313324
0.0027551651001
0.00237917900085
0.0633780956268
0.00281405448914
0.0090069770813
0.027675151825
0.00273108482361
0.00951290130615
0.0078718662262
0.00279498100281
0.00234699249268
0.00679993629456
0.00274682044983
0.00202202796936
0.00721597671509
0.00275897979736
0.00223898887634
0.010929107666
0.00317692756653
0.00890803337097
0.0198700428009
0.00274705886841
0.00220704078674
0.047080039978
0.0027961730957
0.00247812271118
0.00548410415649
0.00290513038635
0.00238013267517
0.0060510635376
0.00259304046631
0.00223278999329
0.00896906852722
0.0026490688324
0.00377416610718
0.00577998161316
0.00297689437866
0.0022988319397
0.00671100616455
0.00279593467712
0.00223207473755
0.00690793991089
0.00276708602905
0.00525712966919
0.0079710483551
0.00274395942688
0.00927901268005
0.00796604156494
0.00276708602905
0.00253415107727
0.0246288776398
0.00271010398865
0.00238704681396
0.0248870849609
0.00275778770447
0.00791811943054
0.0212879180908
0.00278282165527
0.00211691856384
0.0271008014679
0.002760887146
0.00235486030579
0.0268759727478
0.00270509719849
0.00548410415649
0.0283048152924
0.00270891189575
0.00808000564575
0.00878715515137
0.00279712677002
0.00943422317505
0.0196509361267
0.00273394584656
0.00232601165771
0.0109510421753
0.00271916389465
0.00949501991272
0.0278000831604
0.00271987915039
0.00241208076477
0.0251059532166
0.00337815284729
0.00211310386658
0.00844097137451
0.00283288955688
0.00223803520203
0.00399994850159
0.00276303291321
0.00809097290039
0.00794506072998
0.0028350353241
0.00922822952271
0.00793290138245
0.00275802612305
0.00851488113403
0.00422787666321
0.00327205657959
0.00523710250854
0.00799608230591
0.00278401374817
0.00221109390259
0.00704884529114
0.0027859210968
0.00244808197021
0.00637698173523
0.00277280807495
0.00753092765808
0.00604200363159
0.00280094146729
0.00201201438904
0.0343730449677
0.00277781486511
0.00666689872742
0.00536108016968
0.00261998176575
0.00216603279114
0.0249760150909
0.00287199020386
0.00771903991699
0.0575180053711
0.00286602973938
0.00225400924683
0.0668950080872
0.00285387039185
0.0185248851776
0.074609041214
0.00279188156128
0.0231080055237
0.078113079071
0.00285983085632
0.00224804878235
0.0428819656372
0.00281000137329
0.00226211547852
0.0429399013519
0.00282382965088
0.00215911865234
0.0110139846802
0.00282502174377
0.00211501121521
0.00569987297058
0.00272083282471
0.00211000442505
0.0249378681183
0.00271606445312
0.0019907951355
0.0187990665436
0.00273108482361
0.00199317932129
0.00733709335327
0.00285696983337
0.00199007987976
0.0190799236298
0.00284790992737
0.00201916694641
0.00638008117676
0.00287699699402
0.00195598602295
0.00638604164124
0.00391101837158
0.00195288658142
0.0116150379181
0.00265216827393
0.00194597244263
0.0019199848175
0.00266289710999
0.00201511383057
0.00872278213501
0.0027129650116
0.00198316574097
0.00677990913391
0.0026490688324
0.00197100639343
0.0053539276123
0.00307607650757
0.00205421447754
0.0049159526825
0.00254797935486
0.00207614898682
0.00538206100464
0.00241613388062
0.00212407112122
0.0540790557861
0.00285220146179
0.00218796730042
0.0269479751587
0.00283193588257
0.00211095809937
0.0310220718384
0.00283813476562
0.00263786315918
0.00657510757446
0.00299000740051
0.00215601921082
0.00676703453064
0.00287294387817
0.00217485427856
0.034989118576
0.00279402732849
0.00222301483154
0.0365178585052
0.00302815437317
0.00230598449707
0.00907206535339
0.00294589996338
0.00213098526001
0.0149219036102
0.00287890434265
0.00217890739441
0.046966791153
0.0028030872345
0.00872397422791
0.0164549350739
0.00283813476562
0.00296401977539
0.00614500045776
0.00277614593506
0.00539803504944
0.00430607795715
0.00282692909241
0.00232601165771
0.00638484954834
0.00270700454712
0.00532484054565
0.00783801078796
0.00264096260071
0.00200009346008
0.0153510570526
0.00263094902039
0.00553011894226
0.0118000507355
0.0026330947876
0.00571012496948
0.00581312179565
0.00277709960938
0.00233006477356
0.00501108169556
0.00330185890198
0.00683093070984
0.00959587097168
0.00262594223022
0.00192403793335
0.00188899040222
0.00263404846191
0.00705003738403
0.00416398048401
0.00253105163574
0.00208902359009
0.00544786453247
0.00261616706848
0.00184798240662
0.00512385368347
0.00256085395813
0.00235986709595
0.0054829120636
0.00253486633301
0.00179100036621
0.00913405418396
0.0025269985199
0.00166606903076
0.00819492340088
0.00272011756897
0.00176692008972
0.0193500518799
0.00271916389465
0.00187802314758
0.00625610351562
0.00278902053833
0.00216889381409
0.00493311882019
0.00267219543457
0.00169491767883
0.00202608108521
0.00275802612305
0.00202298164368
0.00801396369934
0.00264310836792
0.00203585624695
0.0018618106842
0.00266695022583
0.00208115577698
0.00869798660278
0.00268697738647
0.00199007987976
0.0023980140686
0.00281000137329
0.00196409225464
0.00821900367737
0.00282311439514
0.00198411941528
0.00192213058472
0.00275206565857
0.0019690990448
0.008455991745
0.002690076828
0.00193500518799
0.0018310546875
0.00256085395813
0.00191307067871
0.00504088401794
0.00320601463318
0.00203895568848
0.00676107406616
0.00261402130127
0.00195503234863
0.00742602348328
0.00259494781494
0.00191903114319
0.00201892852783
0.00297093391418
0.00208401679993
0.00848817825317
0.00273895263672
0.00205993652344
0.0019428730011
0.00312900543213
0.00447797775269
0.00555205345154
0.00258994102478
0.00195980072021
0.00183582305908
0.00258708000183
0.00199007987976
0.00493597984314
0.00263094902039
0.00188803672791
0.00774908065796
0.00284719467163
0.00194191932678
0.00710201263428
0.00324201583862
0.00187706947327
0.00199794769287
0.00275492668152
0.00182104110718
0.00829219818115
0.00272393226624
0.00181198120117
0.00191617012024
0.0025839805603
0.00190591812134
0.0169072151184
0.00286388397217
0.0018298625946
0.00734400749207
0.00386619567871
0.00184202194214
0.00623106956482
0.00271797180176
0.00205683708191
0.0152349472046
0.0026741027832
0.00208020210266
0.00189805030823
0.00260710716248
0.00205206871033
0.00875115394592
0.00273299217224
0.00203990936279
0.00579285621643
0.00264096260071
0.00203490257263
0.00538897514343
0.0025680065155
0.00208902359009
0.00537014007568
0.00259613990784
0.00213098526001
0.00541114807129
0.00275993347168
0.00210690498352
0.00201797485352
0.00275707244873
0.00196218490601
0.00184297561646
0.0026330947876
0.00197386741638
0.00551605224609
0.00268507003784
0.00198197364807
0.00686097145081
0.00270700454712
0.00200200080872
0.00735712051392
0.00258708000183
0.00208806991577
0.00184917449951
0.00254702568054
0.00202608108521
0.0488760471344
0.00304484367371
0.00218892097473
0.054701089859
0.00332808494568
0.00219202041626
0.0345380306244
0.0027551651001
0.00213217735291
0.0230989456177
0.00264692306519
0.00213813781738
0.0191531181335
0.00279712677002
0.00207114219666
0.00720500946045
0.00265002250671
0.00282502174377
0.0184969902039
0.00281095504761
0.00279808044434
0.00651717185974
0.00285410881042
0.00197505950928
0.00706100463867
0.00269508361816
0.00211501121521
0.00194001197815
0.00302505493164
0.00212907791138
0.00811505317688
0.00279307365417
0.0020580291748
0.0077121257782
0.00281691551208
0.0025839805603
0.0180249214172
0.00270318984985
0.00202703475952
0.00208902359009
0.0027539730072
0.00197601318359
0.00528216362
0.00263500213623
0.00205612182617
0.00194096565247
0.00269484519958
0.00205588340759
0.00757384300232
0.00265502929688
0.00210118293762
0.00674891471863
0.00263381004333
0.00205993652344
0.00190091133118
0.00271701812744
0.00200986862183
0.0052387714386
0.00265693664551
0.0020968914032
0.00190591812134
0.00255703926086
0.00201606750488
0.0127911567688
0.00263500213623
0.00206995010376
0.00445199012756
0.00315308570862
0.00210213661194
0.00488591194153
0.00265598297119
0.00207614898682
0.0115339756012
0.00269794464111
0.00208306312561
0.0234951972961
0.00254797935486
0.00217795372009
0.0073390007019
0.0027551651001
0.00214600563049
0.00481104850769
0.00325512886047
0.00218296051025
0.0211458206177
0.00272393226624
0.002112865448
0.00278186798096
0.00271487236023
0.00204205513
0.00537896156311
0.00258684158325
0.00209498405457
0.00533199310303
0.00274896621704
0.00206589698792
0.0110919475555
0.00263500213623
0.0026581287384
0.00685596466064
0.00277400016785
0.00197815895081
0.0230669975281
0.00266695022583
0.00189113616943
0.007493019104
0.00274682044983
0.00189995765686
0.0152888298035
0.00283789634705
0.00188398361206
0.00193405151367
0.0027551651001
0.00192213058472
0.00870704650879
0.00283002853394
0.00195693969727
0.00720000267029
0.00262904167175
0.00189089775085
0.00613784790039
0.00271487236023
0.00187301635742
0.00544404983521
0.0027060508728
0.00214290618896
0.00515604019165
0.00272488594055
0.00218820571899
0.016429901123
0.00276899337769
0.00222396850586
0.0068690776825
0.00266909599304
0.00221705436707
0.00714206695557
0.00270414352417
0.00212097167969
0.00726294517517
0.00277304649353
0.00222682952881
0.0329129695892
0.00266695022583
0.00215101242065
0.0262041091919
0.00281596183777
0.00393390655518
0.00306105613708
0.00301384925842
0.00232100486755
0.0158150196075
0.0028669834137
0.00222015380859
0.0388269424438
0.002925157547
0.00234007835388
0.00473785400391
0.00266599655151
0.00219416618347
0.0056939125061
0.00264692306519
0.00274300575256
0.00997304916382
0.0027060508728
0.00200295448303
0.0353939533234
0.00273299217224
0.00227308273315
0.0269701480865
0.00272107124329
0.00218605995178
0.00195097923279
0.00271701812744
0.00207281112671
0.0282778739929
0.00254392623901
0.00265598297119
0.00210785865784
0.00270700454712
0.00219082832336
0.00789904594421
0.00255990028381
0.0022280216217
0.00202703475952
0.0026319026947
0.00218820571899
0.141088962555
0.00304889678955
0.00235509872437
0.10578584671
0.0029730796814
0.00234389305115
0.0351569652557
0.00283789634705
0.00223994255066
0.0544540882111
0.00285696983337
0.00218105316162
0.00576186180115
0.00288200378418
0.00211906433105
0.0020489692688
0.00269103050232
0.00204586982727
0.00539016723633
0.00269103050232
0.00200700759888
0.00729608535767
0.00323295593262
0.00203990936279
0.00577688217163
0.00270509719849
0.00212597846985
0.00512218475342
0.00272512435913
0.00211906433105
0.0262079238892
0.00260400772095
0.00534892082214
0.0079619884491
0.00271487236023
0.00532388687134
0.00534296035767
0.00324201583862
0.00225877761841
0.00453186035156
0.00278401374817
0.00582504272461
0.00784778594971
0.00262689590454
0.00552701950073
0.00543999671936
0.00260400772095
0.00224709510803
0.00517296791077
0.0026159286499
0.00195384025574
0.00541400909424
0.0032160282135
0.00236082077026
0.00865507125854
0.00249910354614
0.00190114974976
0.00763487815857
0.0025680065155
0.00209498405457
0.00739002227783
0.00261092185974
0.00219893455505
0.00176310539246
0.0025269985199
0.00208497047424
0.00492000579834
0.00279092788696
0.00207018852234
0.00714492797852
0.0028281211853
0.00214815139771
0.00698208808899
0.00278997421265
0.00220608711243
0.00698018074036
0.00273609161377
0.00211310386658
0.00545310974121
0.0026330947876
0.0021641254425
0.00527691841125
0.00274300575256
0.00212121009827
0.0112109184265
0.00285911560059
0.00211906433105
0.00670599937439
0.00276613235474
0.00198101997375
0.00194501876831
0.00277996063232
0.00195407867432
0.00840401649475
0.00271105766296
0.00198984146118
0.00735187530518
0.0028190612793
0.00198888778687
0.00581789016724
0.00325798988342
0.00213313102722
0.002032995224
0.00273203849792
0.00202107429504
0.00511598587036
0.00284600257874
0.00207901000977
0.00196504592896
0.00276112556458
0.00200009346008
0.00826907157898
0.00270009040833
0.00195693969727
0.00185799598694
0.00263595581055
0.00259017944336
0.00831508636475
0.00278997421265
0.00196003913879
0.0071280002594
0.00262689590454
0.00198197364807
0.0153460502625
0.00266599655151
0.00196814537048
0.00668406486511
0.00273513793945
0.00204491615295
0.00522804260254
0.00264596939087
0.00259900093079
0.00945711135864
0.00265192985535
0.0020740032196
0.0271780490875
0.00271391868591
0.00209808349609
0.0233159065247
0.00279402732849
0.00208783149719
0.0351388454437
0.00276684761047
0.00217795372009
0.00712180137634
0.00279092788696
0.00338315963745
0.00578498840332
0.00283288955688
0.00206995010376
0.00197291374207
0.00272393226624
0.00191402435303
0.00843191146851
0.00270700454712
0.00206398963928
0.00724697113037
0.00275421142578
0.00197792053223
0.00550985336304
0.00270295143127
0.00203800201416
0.0052969455719
0.00329184532166
0.00199198722839
0.00484013557434
0.00262308120728
0.00206589698792
0.00523614883423
0.002769947052
0.00207710266113
0.00518202781677
0.00274991989136
0.00198221206665
0.00871300697327
0.00271606445312
0.00197720527649
0.047394990921
0.00332093238831
0.00224304199219
0.038468837738
0.00313210487366
0.0251481533051
0.0330801010132
0.00282216072083
0.00245118141174
0.00934600830078
0.00289011001587
0.00710320472717
0.0098340511322
0.00287199020386
0.0093138217926
0.00796294212341
0.0028018951416
0.00645089149475
0.00644397735596
0.00279498100281
0.00550317764282
0.00800204277039
0.00277090072632
0.00882697105408
0.00839495658875
0.00270986557007
0.00192403793335
0.00736713409424
0.00287318229675
0.00207614898682
0.00704288482666
0.00273180007935
0.00192809104919
0.00548505783081
0.00289988517761
0.00218200683594
0.0049409866333
0.0027289390564
0.00208306312561
0.0052170753479
0.00264501571655
0.00205111503601
0.00888991355896
0.00280499458313
0.00211095809937
0.00714898109436
0.00269794464111
0.00202298164368
0.00734686851501
0.00267481803894
0.00205492973328
0.0018367767334
0.00252294540405
0.00194001197815
0.00498104095459
0.00280499458313
0.00191807746887
0.00528192520142
0.00273299217224
0.00197315216064
0.00517392158508
0.00261902809143
0.0020751953125
0.00729012489319
0.0030620098114
0.00197982788086
0.0229198932648
0.00278186798096
0.00199699401855
0.00725197792053
0.00268411636353
0.00205206871033
0.0070469379425
0.00280594825745
0.00207495689392
0.0019588470459
0.00274991989136
0.00208520889282
0.00861501693726
0.00269222259521
0.00260400772095
0.00682616233826
0.00278806686401
0.0020580291748
0.00202894210815
0.00271391868591
0.00217008590698
0.00609493255615
0.00266003608704
0.00208687782288
0.0171530246735
0.00265002250671
0.00201416015625
0.0230550765991
0.00269103050232
0.00250196456909
0.0071120262146
0.0026581287384
0.00202608108521
0.0372059345245
0.00291299819946
0.0021800994873
0.00904822349548
0.00274801254272
0.00213003158569
0.0471069812775
0.00305795669556
0.0023078918457
0.0626659393311
0.00293588638306
0.00229215621948
0.0271139144897
0.00277400016785
0.00220894813538
0.00663805007935
0.00266814231873
0.00208115577698
0.00195693969727
0.00273489952087
0.00209784507751
0.0067310333252
0.00271105766296
0.00204610824585
0.00899410247803
0.00274610519409
0.00205397605896
0.0110578536987
0.00327491760254
0.00218296051025
0.0185849666595
0.00264191627502
0.00206804275513
0.0111649036407
0.00267887115479
0.00221991539001
0.019248008728
0.00269389152527
0.00210189819336
0.0111439228058
0.00273418426514
0.00199007987976
0.0392761230469
0.00323104858398
0.00215792655945
0.0106010437012
0.00281882286072
0.00215291976929
0.014979839325
0.00268697738647
0.00204014778137
0.00585103034973
0.00265884399414
0.00212097167969
0.00868701934814
0.00262117385864
0.00198197364807
0.0819990634918
0.00401496887207
0.00227999687195
0.035071849823
0.00277996063232
0.00208497047424
0.0351591110229
0.00262689590454
0.00214099884033
0.0271492004395
0.00264406204224
0.00213003158569
0.00721788406372
0.00267386436462
0.00202393531799
0.015289068222
0.00265097618103
0.00220108032227
0.0751950740814
0.00283479690552
0.00229406356812
0.00677895545959
0.00279307365417
0.00211191177368
0.0631709098816
0.00290703773499
0.00226402282715
0.0390160083771
0.0028190612793
0.00229501724243
0.00311684608459
0.00273084640503
0.00226593017578
0.00539898872375
0.00254011154175
0.00215005874634
0.00484800338745
0.0024950504303
0.00207591056824
0.00542998313904
0.00250101089478
0.00208592414856
0.020742893219
0.0025520324707
0.00201988220215
0.00741696357727
0.00242400169373
0.00209784507751
0.00178194046021
0.00278115272522
0.00196194648743
0.00496387481689
0.00234889984131
0.00199484825134
0.00396800041199
0.00231099128723
0.00193691253662
0.0516390800476
0.00281095504761
0.00220012664795
0.03498005867
0.00268697738647
0.00234484672546
0.00700211524963
0.00261807441711
0.00275588035583
0.00199890136719
0.00263810157776
0.00204300880432
0.0157558917999
0.00248885154724
0.00202202796936
0.00195980072021
0.00248408317566
0.00208401679993
0.00901412963867
0.00249099731445
0.00222682952881
0.0231039524078
0.00244784355164
0.00271105766296
0.0308020114899
0.0024938583374
0.00220799446106
0.0315871238708
0.00253105163574
0.00211000442505
0.0393588542938
0.00257301330566
0.00221514701843
0.00196003913879
0.00276517868042
0.00218796730042
0.0187859535217
0.00256490707397
0.00217318534851
0.0210130214691
0.00255799293518
0.00209093093872
0.0268738269806
0.00268197059631
0.00211095809937
0.00741004943848
0.00269317626953
0.00212097167969
0.00193405151367
0.00268793106079
0.00209784507751
0.0083339214325
0.00255918502808
0.00210094451904
0.0112428665161
0.00318789482117
0.00210690498352
0.0748341083527
0.00278615951538
0.00224900245667
0.0350098609924
0.00279808044434
0.00222206115723
0.0149078369141
0.00275707244873
0.00222897529602
0.00704479217529
0.00262093544006
0.00207781791687
0.0192558765411
0.00310206413269
0.00198411941528
0.00521898269653
0.00278401374817
0.00213384628296
0.00876092910767
0.00273895263672
0.00210905075073
0.0591711997986
0.00275111198425
0.00222110748291
0.0430171489716
0.00271606445312
0.00217795372009
0.0271019935608
0.00275111198425
0.0026650428772
0.0146238803864
0.00286483764648
0.00211906433105
0.00710296630859
0.00268197059631
0.00241303443909
0.0307109355927
0.00269508361816
0.00963115692139
0.0078489780426
0.00283598899841
0.00934386253357
0.00772905349731
0.00279188156128
0.00935697555542
0.00784397125244
0.00273585319519
0.00950884819031
0.0116639137268
0.00262689590454
0.00223612785339
0.0231080055237
0.00266289710999
0.00212812423706
0.0352721214294
0.0028030872345
0.00223207473755
0.0349609851837
0.00279521942139
0.00235414505005
0.0232720375061
0.00272703170776
0.00224900245667
0.00658011436462
0.00273895263672
0.0022120475769
0.00714802742004
0.00278496742249
0.00202298164368
0.0110449790955
0.00264382362366
0.00200200080872
0.0273411273956
0.00268006324768
0.00199604034424
0.00858116149902
0.00267505645752
0.00208401679993
0.00194597244263
0.00267696380615
0.00207710266113
0.00732898712158
0.00266790390015
0.00205087661743
0.00194597244263
0.00270509719849
0.00205707550049
0.00857400894165
0.00269293785095
0.00206899642944
0.0312390327454
0.00271892547607
0.002681016922
0.038526058197
0.00280594825745
0.00220513343811
0.0589790344238
0.00275111198425
0.00221014022827
0.00530600547791
0.00281000137329
0.00206613540649
0.0128800868988
0.00271010398865
0.00200605392456
0.00194692611694
0.00270199775696
0.00244903564453
0.030611038208
0.00262308120728
0.00207614898682
0.00538897514343
0.00263619422913
0.00203895568848
0.00203585624695
0.00267791748047
0.00208592414856
0.0157868862152
0.00259613990784
0.00214409828186
0.0272550582886
0.00270104408264
0.002121925354
0.0267970561981
0.00280213356018
0.00210905075073
0.0160269737244
0.00286412239075
0.00225305557251
0.00369000434875
0.00269103050232
0.00214099884033
0.00995492935181
0.00276684761047
0.00213599205017
0.00708603858948
0.00273203849792
0.00206613540649
0.01509308815
0.0033860206604
0.00202703475952
0.106640100479
0.00283002853394
0.00220394134521
0.0749680995941
0.0028760433197
0.00222301483154
0.0428831577301
0.0028829574585
0.00223612785339
0.00699305534363
0.00278806686401
0.00216484069824
0.00696110725403
0.00275897979736
0.0025429725647
0.0307309627533
0.00281095504761
0.00206089019775
0.035041809082
0.00276803970337
0.00946497917175
0.0477600097656
0.0028350353241
0.00229406356812
0.018837928772
0.00281810760498
0.00248908996582
0.022716999054
0.0028350353241
0.00281000137329
0.00637292861938
0.0028760433197
0.00199007987976
0.00705218315125
0.00277614593506
0.00200200080872
0.0053448677063
0.00276303291321
0.00201201438904
0.00515413284302
0.00272417068481
0.00198411941528
0.00542712211609
0.00269913673401
0.00202894210815
0.0295169353485
0.00262713432312
0.0019998550415
0.0508940219879
0.00277805328369
0.00215101242065
0.0310668945312
0.00273108482361
0.00208711624146
0.00722217559814
0.00271391868591
0.00209093093872
0.00718784332275
0.00276803970337
0.00205397605896
0.00200200080872
0.00334596633911
0.00201082229614
0.007896900177
0.00272297859192
0.00200605392456
0.00194501876831
0.00268602371216
0.00197291374207
0.0164189338684
0.00263690948486
0.00200891494751
0.00187492370605
0.0026490688324
0.00197100639343
0.0167920589447
0.00301003456116
0.00204086303711
0.00695896148682
0.00244498252869
0.00207996368408
0.0209150314331
0.002436876297
0.00211381912231
0.0098659992218
0.00250291824341
0.0020740032196
0.00171995162964
0.00240993499756
0.00196003913879
0.0415759086609
0.00281596183777
0.00251007080078
0.0466592311859
0.00278091430664
0.00214982032776
0.0350589752197
0.00277614593506
0.00214409828186
0.0351631641388
0.00286889076233
0.00213003158569
0.00208306312561
0.00270509719849
0.00220012664795
0.00187706947327
0.00273013114929
0.00255393981934
0.00871992111206
0.00257515907288
0.00206208229065
0.0232930183411
0.00264000892639
0.00209999084473
0.0473458766937
0.00275921821594
0.0022120475769
0.0630161762238
0.00276303291321
0.002201795578
0.047061920166
0.00284290313721
0.00341796875
0.0217168331146
0.00280404090881
0.00204706192017
0.0151090621948
0.0027220249176
0.00198483467102
0.0192868709564
0.00268793106079
0.0020158290863
0.00197696685791
0.00277590751648
0.00199699401855
0.00858807563782
0.00276303291321
0.00201296806335
0.00715613365173
0.00329899787903
0.00197792053223
0.0228080749512
0.00274300575256
0.00207090377808
0.00194787979126
0.00273895263672
0.00209999084473
0.00595593452454
0.00274300575256
0.00209212303162
0.0134599208832
0.00268006324768
0.00203609466553
0.00744390487671
0.00325584411621
0.00206804275513
0.00670313835144
0.00266098976135
0.00209498405457
0.00701498985291
0.00265789031982
0.00213098526001
0.0232100486755
0.00258612632751
0.00201201438904
0.00188803672791
0.00267696380615
0.00203394889832
0.0121431350708
0.00284719467163
0.00256204605103
0.00454616546631
0.00268006324768
0.00214576721191
0.00423192977905
0.00270700454712
0.00215792655945
0.00613403320312
0.00262999534607
0.00203919410706
0.00526404380798
0.00261116027832
0.00200796127319
0.00536680221558
0.00255298614502
0.00194215774536
0.00553512573242
0.00261998176575
0.00198888778687
0.00425314903259
0.00254201889038
0.00198483467102
0.00665187835693
0.00250697135925
0.0018949508667
0.00559592247009
0.00246596336365
0.00190496444702
0.00567007064819
0.00256896018982
0.00210094451904
0.0021378993988
0.0025532245636
0.0020170211792
0.00185513496399
0.00240015983582
0.00212097167969
0.00654721260071
0.00245714187622
0.00205206871033
0.00748705863953
0.00245404243469
0.00206708908081
0.00742220878601
0.00245904922485
0.00219988822937
0.00717401504517
0.0027768611908
0.00204110145569
0.00163793563843
0.00248408317566
0.00203704833984
0.00527501106262
0.00264191627502
0.00207686424255
0.00710988044739
0.0023558139801
0.00235104560852
0.00729203224182
0.002366065979
0.00619697570801
0.00736904144287
0.00246214866638
0.0061559677124
0.00560307502747
0.00227403640747
0.00233793258667
0.00511813163757
0.00233507156372
0.00632405281067
0.00734996795654
0.00224804878235
0.00638008117676
0.00149989128113
0.00219416618347
0.00233912467957
0.00526404380798
0.00224804878235
0.00280594825745
0.00691199302673
0.00230002403259
0.00231599807739
0.0115129947662
0.00243997573853
0.00470304489136
0.00475382804871
0.00222706794739
0.00224113464355
0.00751709938049
0.00224804878235
0.0023410320282
0.0073459148407
0.00218796730042
0.00241112709045
0.00647020339966
0.00215601921082
0.00240302085876
0.00835108757019
0.0021059513092
0.00228190422058
0.00257682800293
0.00215196609497
0.0022828578949
0.00466895103455
0.00213599205017
0.00207591056824
0.00672316551208
0.00217914581299
0.00238609313965
0.00443601608276
0.00292706489563
0.00242400169373
0.00574994087219
0.00210499763489
0.00233221054077
0.00320601463318
0.00217604637146
0.00228595733643
0.00477504730225
0.00209784507751
0.00661396980286
0.0051429271698
0.00250101089478
0.00234699249268
0.00505185127258
0.00303506851196
0.00733494758606
0.00440788269043
0.00237202644348
0.00225496292114
0.00506997108459
0.00236988067627
0.0108408927917
0.00505208969116
0.00250697135925
0.00233292579651
0.00889611244202
0.00246810913086
0.00596213340759
0.00526809692383
0.00330400466919
0.00242590904236
0.00428104400635
0.00227403640747
0.00254082679749
0.00517416000366
0.0023090839386
0.00239396095276
0.00531888008118
0.00232887268066
0.00239086151123
0.00531601905823
0.00226616859436
0.00266909599304
0.00512099266052
0.0022349357605
0.00673198699951
0.0594348907471
0.00289988517761
0.0237469673157
0.0653269290924
0.00281500816345
0.00255393981934
0.0626170635223
0.00280404090881
0.00938296318054
0.0614321231842
0.00283002853394
0.00248789787292
0.00478887557983
0.00278806686401
0.0057578086853
0.00812101364136
0.00256896018982
0.00491499900818
0.0058708190918
0.00256085395813
0.00232887268066
0.00506997108459
0.00253510475159
0.00588607788086
0.00761890411377
0.00241780281067
0.00595998764038
0.00566005706787
0.0030779838562
0.00247693061829
0.00443577766418
0.00313091278076
0.00241088867188
0.00451898574829
0.00238418579102
0.00232195854187
0.0051097869873
0.00236296653748
0.00618886947632
0.00780892372131
0.00281715393066
0.00223517417908
0.00202703475952
0.00267720222473
0.00977396965027
0.00472807884216
0.00307822227478
0.0072078704834
0.00543999671936
0.00277900695801
0.0093309879303
0.00771903991699
0.00270795822144
0.00709414482117
0.00488996505737
0.00251984596252
0.0024049282074
0.00523591041565
0.00278687477112
0.00233602523804
0.00469589233398
0.00269794464111
0.00267481803894
0.00481200218201
0.00253009796143
0.00228786468506
0.00519800186157
0.00262713432312
0.00663113594055
0.0077428817749
0.00253295898438
0.00223684310913
0.00722289085388
0.00245499610901
0.00217604637146
0.00641822814941
0.00240111351013
0.00219202041626
0.00546312332153
0.0025110244751
0.00793099403381
0.00835013389587
0.00238513946533
0.0023729801178
0.0058650970459
0.00234198570251
0.00223183631897
0.00473380088806
0.00232601165771
0.00222301483154
0.00687980651855
0.0022668838501
0.00219082832336
0.00600600242615
0.00227499008179
0.00209093093872
0.0135810375214
0.00230884552002
0.00630307197571
0.0317981243134
0.00273013114929
0.00234794616699
0.0148870944977
0.00271010398865
0.00237607955933
0.00696301460266
0.0027129650116
0.00240802764893
0.00513291358948
0.00316309928894
0.00245785713196
0.0379519462585
0.0026650428772
0.00238490104675
0.0410521030426
0.00272917747498
0.00243592262268
0.0348320007324
0.00270199775696
0.0256059169769
0.0596928596497
0.00276303291321
0.0235838890076
0.0536391735077
0.00274395942688
0.0175640583038
0.0596880912781
0.00274300575256
0.00552797317505
0.0157189369202
0.00271511077881
0.00800609588623
0.0053448677063
0.00266718864441
0.00545811653137
0.00642108917236
0.00273609161377
0.00235509872437
0.0049409866333
0.00264406204224
0.00279188156128
0.0046238899231
0.00275206565857
0.00241899490356
0.00483179092407
0.00256991386414
0.00766205787659
0.0049729347229
0.00253891944885
0.00568103790283
0.00667691230774
0.00255513191223
0.00232911109924
0.00507593154907
0.00246286392212
0.00236201286316
0.00523114204407
0.00265598297119
0.00215601921082
0.00514388084412
0.00242590904236
0.00243520736694
0.00519394874573
0.00244784355164
0.00225591659546
0.00528287887573
0.00234913825989
0.00223112106323
0.0254900455475
0.00236296653748
0.00675415992737
0.10794210434
0.00280380249023
0.00945401191711
0.075690984726
0.00284504890442
0.00933003425598
0.119808912277
0.00283694267273
0.0174469947815
0.07169008255
0.00276017189026
0.0174660682678
0.0517981052399
0.00304198265076
0.0172390937805
0.039657831192
0.00330996513367
0.00804805755615
0.0366699695587
0.00283122062683
0.0093400478363
0.007887840271
0.0028350353241
0.00938296318054
0.0077178478241
0.00264596939087
0.00558090209961
0.00666308403015
0.00276684761047
0.00573492050171
0.00859093666077
0.00273203849792
0.00592994689941
0.00440096855164
0.00254607200623
0.00206708908081
0.00189614295959
0.00262212753296
0.00208687782288
0.00755596160889
0.0025589466095
0.00207614898682
0.00177812576294
0.00247311592102
0.00209808349609
0.00497794151306
0.00249004364014
0.00209903717041
0.007493019104
0.00267386436462
0.00206589698792
0.00193905830383
0.00250101089478
0.00220680236816
0.00849890708923
0.00271797180176
0.00208902359009
0.0153238773346
0.00279808044434
0.00218915939331
0.0270900726318
0.00267720222473
0.00212502479553
0.00251889228821
0.00287389755249
0.00214505195618
0.0077269077301
0.00271606445312
0.00209808349609
0.030543088913
0.00272583961487
0.00207805633545
0.0316429138184
0.00266098976135
0.00201201438904
0.00558805465698
0.00265097618103
0.00204396247864
0.00541210174561
0.00306177139282
0.00210499763489
0.0183310508728
0.00265192985535
0.002112865448
0.00738596916199
0.00266599655151
0.00210499763489
0.00668811798096
0.00270700454712
0.00200891494751
0.00187683105469
0.00253891944885
0.00201392173767
0.00527119636536
0.00264811515808
0.00256896018982
0.0348570346832
0.00263619422913
0.00223898887634
0.00711917877197
0.002690076828
0.00208616256714
0.0351669788361
0.00265789031982
0.002112865448
0.00473594665527
0.00277900695801
0.00202107429504
0.00559616088867
0.00258803367615
0.00244116783142
0.00687599182129
0.00260615348816
0.0018630027771
0.00513792037964
0.00252318382263
0.00193095207214
0.00586295127869
0.00266098976135
0.00183582305908
0.00932598114014
0.00279903411865
0.00185990333557
0.00976586341858
0.00262689590454
0.00175714492798
0.00247812271118
0.00255298614502
0.00173783302307
0.00438594818115
0.0027289390564
0.00180888175964
0.00552606582642
0.00270891189575
0.00207304954529
0.00574207305908
0.00261497497559
0.00216603279114
0.00481510162354
0.00250196456909
0.00194096565247
0.00554203987122
0.00307202339172
0.00204491615295
0.00503396987915
0.00250482559204
0.00188589096069
0.00544786453247
0.00254988670349
0.0018789768219
0.00574684143066
0.00245380401611
0.0019268989563
0.00545907020569
0.00245690345764
0.0018470287323
0.00176906585693
0.00283598899841
0.00187706947327
0.00179004669189
0.0023980140686
0.00181794166565
0.00342416763306
0.00241208076477
0.00176405906677
0.0058581829071
0.00234198570251
0.00189805030823
0.00541400909424
0.00237202644348
0.002112865448
0.00587606430054
0.00274705886841
0.00209593772888
0.00471806526184
0.00241708755493
0.0020809173584
0.0154809951782
0.00227904319763
0.00210189819336
0.00627493858337
0.00228190422058
0.00211501121521
0.00493001937866
0.00251889228821
0.00210499763489
0.00614500045776
0.00324678421021
0.00209093093872
0.00465178489685
0.00221586227417
0.00201511383057
0.00148892402649
0.00212287902832
0.00211000442505
0.00518107414246
0.00216388702393
0.00201797485352
0.0078330039978
0.00205302238464
0.00214505195618
0.0037100315094
0.00203800201416
0.00200510025024
0.00588917732239
0.00207710266113
0.00218987464905
0.00581192970276
0.00210285186768
0.00216197967529
0.0076858997345
0.00206303596497
0.0020740032196
0.0364010334015
0.00275707244873
0.0021538734436
0.00707817077637
0.00260710716248
0.0021378993988
0.0217390060425
0.00264120101929
0.00208306312561
0.0247271060944
0.0025589466095
0.00263285636902
0.00685691833496
0.00260591506958
0.00202798843384
0.0153028964996
0.00253391265869
0.00294280052185
0.0327889919281
0.00259399414062
0.0020580291748
0.0051109790802
0.00290989875793
0.0021641254425
0.00680994987488
0.00243782997131
0.00200891494751
0.00765085220337
0.00252485275269
0.00200009346008
0.00182795524597
0.0023398399353
0.00195002555847
0.00523495674133
0.00231885910034
0.00193881988525
0.0116159915924
0.00235199928284
0.00264310836792
0.003741979599
0.00224995613098
0.00200486183167
0.00698804855347
0.00224089622498
0.00198483467102
0.00651288032532
0.00228810310364
0.00194716453552
0.00503897666931
0.00233197212219
0.00195503234863
0.00165987014771
0.00216603279114
0.0025749206543
0.00515699386597
0.00213384628296
0.00219297409058
0.0276131629944
0.00217795372009
0.00219202041626
0.00196599960327
0.00251603126526
0.0021390914917
0.00936198234558
0.0025589466095
0.00206923484802
0.00199508666992
0.00262403488159
0.00203990936279
0.0154421329498
0.00240612030029
0.00199198722839
0.00681209564209
0.00244188308716
0.00188899040222
0.0174911022186
0.0022931098938
0.00180292129517
0.0481259822845
0.00270009040833
0.00208616256714
0.00191903114319
0.00253295898438
0.002032995224
0.00862717628479
0.00324702262878
0.00209498405457
0.0019109249115
0.00256991386414
0.00200200080872
0.00814700126648
0.00248098373413
0.0018949508667
0.0154330730438
0.00247812271118
0.00185108184814
0.0479199886322
0.00288987159729
0.00207686424255
0.0348260402679
0.00310897827148
0.00209999084473
0.0429749488831
0.00269985198975
0.00208306312561
0.00716805458069
0.00253987312317
0.00197291374207
0.0113599300385
0.00259208679199
0.00191807746887
0.00756812095642
0.00243997573853
0.00194096565247
0.00178694725037
0.00246906280518
0.00235605239868
0.00891590118408
0.00243806838989
0.00191617012024
0.00767302513123
0.00232791900635
0.00178718566895
0.00702595710754
0.00268387794495
0.00187993049622
0.00584602355957
0.00254797935486
0.00180697441101
0.00193095207214
0.00243902206421
0.00178503990173
0.00239396095276
0.00252318382263
0.0018310546875
0.00923204421997
0.00256991386414
0.00184607505798
0.0234541893005
0.00254106521606
0.00182700157166
0.111770868301
0.002849817276
0.00219392776489
0.0349428653717
0.00296807289124
0.00215697288513
0.0754089355469
0.00298714637756
0.00221300125122
0.0422511100769
0.0032320022583
0.00222516059875
0.0434050559998
0.00280904769897
0.00237393379211
0.00201201438904
0.00281476974487
0.00212907791138
0.0268709659576
0.00269198417664
0.00225806236267
0.00838780403137
0.00274300575256
0.00221586227417
0.0257768630981
0.00261902809143
0.00200414657593
0.0019679069519
0.00268483161926
0.0019519329071
0.00879979133606
0.00271701812744
0.00194907188416
0.00730586051941
0.00259494781494
0.00201511383057
0.00544810295105
0.00256109237671
0.00253820419312
0.00503492355347
0.00262904167175
0.00199007987976
0.00534510612488
0.00252389907837
0.00203108787537
0.00519990921021
0.00252604484558
0.00198984146118
0.00574493408203
0.00246787071228
0.00197887420654
0.0452980995178
0.00289702415466
0.00271010398865
0.0184261798859
0.00271511077881
0.00213408470154
0.00724411010742
0.00271105766296
0.00197005271912
0.00729489326477
0.00293803215027
0.00207591056824
0.0019588470459
0.00268602371216
0.00224614143372
0.0239369869232
0.00256085395813
0.00211596488953
0.0399417877197
0.00269794464111
0.0022439956665
0.00193119049072
0.00266408920288
0.0021960735321
0.00761795043945
0.00258207321167
0.00209999084473
0.00725698471069
0.00243711471558
0.00192904472351
0.051778793335
0.00265288352966
0.00219202041626
0.0190939903259
0.00320792198181
0.00221085548401
0.0306220054626
0.00262212753296
0.00211000442505
0.0272238254547
0.002681016922
0.00221014022827
0.0150811672211
0.00261902809143
0.00214505195618
0.00728797912598
0.00268816947937
0.00210094451904
0.0311069488525
0.00308513641357
0.00208306312561
0.0348811149597
0.00268316268921
0.00221610069275
0.0071280002594
0.00270819664001
0.00217390060425
0.00711393356323
0.00270891189575
0.00200486183167
0.0282828807831
0.002690076828
0.00230097770691
0.00992798805237
0.00267004966736
0.00271487236023
0.0186059474945
0.00264096260071
0.00202703475952
0.00205397605896
0.00263595581055
0.00200009346008
0.0566608905792
0.00270199775696
0.00218200683594
0.00709414482117
0.0027220249176
0.00209188461304
0.0351939201355
0.0026638507843
0.00216007232666
0.0471749305725
0.0027449131012
0.0021538734436
0.0310790538788
0.00266003608704
0.00205397605896
0.043242931366
0.00266790390015
0.00221395492554
0.0151650905609
0.00291609764099
0.00224900245667
0.00294709205627
0.00274395942688
0.00216388702393
0.0043420791626
0.00277590751648
0.00222516059875
0.00961995124817
0.00261306762695
0.0020580291748
0.0066921710968
0.00265097618103
0.00207495689392
0.00780296325684
0.00252795219421
0.00210905075073
0.00189900398254
0.00243902206421
0.00213193893433
0.00488710403442
0.00305414199829
0.00208616256714
0.00519800186157
0.0025110244751
0.00206208229065
0.00495314598083
0.00246596336365
0.00220084190369
0.00733709335327
0.00237202644348
0.00204420089722
0.00173711776733
0.00223207473755
0.00204014778137
0.00570917129517
0.00227093696594
0.00267481803894
0.0187110900879
0.00226402282715
0.00194311141968
0.015771150589
0.00220894813538
0.00196099281311
0.00163102149963
0.00213694572449
0.00188517570496
0.018100976944
0.00217604637146
0.00190114974976
0.00801205635071
0.00219917297363
0.00233387947083
0.0273470878601
0.00241589546204
0.00195002555847
0.00197815895081
0.00253987312317
0.00189089775085
0.0215880870819
0.00262808799744
0.00187611579895
0.0314869880676
0.00259900093079
0.00188112258911
0.0156071186066
0.00272011756897
0.0029571056366
0.00627613067627
0.00275611877441
0.00197196006775
0.0072979927063
0.00273299217224
0.00213623046875
0.0057270526886
0.002690076828
0.0018458366394
0.00550508499146
0.00263214111328
0.00175404548645
0.00953316688538
0.00271201133728
0.00178503990173
0.0322299003601
0.00259113311768
0.00195002555847
0.00197911262512
0.00255012512207
0.00213098526001
0.0054669380188
0.0028281211853
0.00209617614746
0.00701594352722
0.00254106521606
0.00199389457703
0.0113618373871
0.00264692306519
0.0020318031311
0.00730586051941
0.00294589996338
0.002032995224
0.00176286697388
0.00250697135925
0.00201296806335
0.0021059513092
0.00240087509155
0.00207901000977
0.0502970218658
0.00275015830994
0.00221419334412
0.0107979774475
0.00276517868042
0.00212001800537
0.00510478019714
0.00264596939087
0.0025589466095
0.00790405273438
0.00268292427063
0.00200414657593
0.00826716423035
0.00268697738647
0.00199294090271
0.00618505477905
0.00257587432861
0.00199484825134
0.00846791267395
0.0024561882019
0.00202393531799
0.0057270526886
0.00247192382812
0.00256490707397
0.00499105453491
0.00249600410461
0.00217008590698
0.00538015365601
0.00239491462708
0.00221800804138
0.00505805015564
0.00247693061829
0.00206303596497
0.00583720207214
0.0023341178894
0.00210404396057
0.0056459903717
0.00233101844788
0.00205016136169
0.00605702400208
0.00226402282715
0.00205183029175
0.00469303131104
0.00229501724243
0.00213503837585
0.00612592697144
0.00235104560852
0.00201892852783
0.00509095191956
0.00223183631897
0.00203585624695
0.00639200210571
0.00226211547852
0.00208401679993
0.00161099433899
0.00271606445312
0.00211787223816
0.00651288032532
0.00219297409058
0.00213217735291
0.00758910179138
0.00227618217468
0.002121925354
0.006502866745
0.00221300125122
0.00208401679993
0.0206611156464
0.00251412391663
0.00208210945129
0.0330328941345
0.00308799743652
0.00220108032227
0.0175139904022
0.00274300575256
0.00206899642944
0.0151779651642
0.00279116630554
0.0020740032196
0.0308899879456
0.00273489952087
0.002032995224
0.00527596473694
0.00273084640503
0.00205183029175
0.00667095184326
0.00263381004333
0.00260400772095
0.00939917564392
0.00255799293518
0.00209307670593
0.00747799873352
0.00275087356567
0.002366065979
0.0227749347687
0.00269889831543
0.00217199325562
0.0272030830383
0.00268912315369
0.00225186347961
0.00205397605896
0.00289392471313
0.00230717658997
0.00778603553772
0.00277304649353
0.0022509098053
0.0108780860901
0.00266194343567
0.00220489501953
0.0111348628998
0.0027379989624
0.00211501121521
0.00585198402405
0.00273513793945
0.00211596488953
0.0124220848083
0.00264501571655
0.00230503082275
0.01553606987
0.00269412994385
0.002121925354
0.00194382667542
0.0027449131012
0.0019109249115
0.00548195838928
0.00266098976135
0.00186920166016
0.00619006156921
0.00264716148376
0.00187802314758
0.00739693641663
0.00259017944336
0.00192403793335
0.00792002677917
0.00265383720398
0.00181198120117
0.00627899169922
0.00260806083679
0.00181198120117
0.00565886497498
0.0026650428772
0.00187802314758
0.00952100753784
0.00257802009583
0.00171995162964
0.00824999809265
0.00262498855591
0.00176692008972
0.0246689319611
0.00254392623901
0.00176382064819
0.00650501251221
0.00268197059631
0.00195789337158
0.00748085975647
0.00269913673401
0.00210690498352
0.00687384605408
0.00276708602905
0.00224590301514
0.00558304786682
0.00281095504761
0.00232577323914
0.00479412078857
0.00270509719849
0.00278306007385
0.0303621292114
0.00277996063232
0.00212097167969
0.00717902183533
0.00270986557007
0.00216698646545
0.0149440765381
0.00272107124329
0.00224304199219
0.00684499740601
0.00265288352966
0.00218987464905
0.00607681274414
0.00266098976135
0.00260615348816
0.00467395782471
0.0024881362915
0.00211000442505
0.00185585021973
0.00249290466309
0.00215601921082
0.00193095207214
0.00243496894836
0.00223207473755
0.00556588172913
0.00264096260071
0.00207781791687
0.00724697113037
0.00243091583252
0.00203394889832
0.00783276557922
0.00247406959534
0.00208687782288
0.00177001953125
0.00243186950684
0.00201487541199
0.00881719589233
0.00257110595703
0.00210881233215
0.0354549884796
0.00285196304321
0.00267791748047
0.00652098655701
0.00274801254272
0.00235605239868
0.0147650241852
0.00331091880798
0.00229692459106
0.0624558925629
0.00283193588257
0.00267601013184
0.0665030479431
0.00289297103882
0.00264000892639
0.0424659252167
0.00287103652954
0.0173790454865
0.0196800231934
0.0027711391449
0.0095579624176
0.00781798362732
0.00333189964294
0.00221490859985
0.00201296806335
0.00268316268921
0.00586009025574
0.0077760219574
0.00271391868591
0.00547790527344
0.00790500640869
0.00281596183777
0.00926995277405
0.00783801078796
0.00275802612305
0.00944995880127
0.0077531337738
0.00273203849792
0.00997400283813
0.00728487968445
0.00277090072632
0.00943493843079
0.00778603553772
0.00281405448914
0.00212502479553
0.00704216957092
0.00271606445312
0.00217914581299
0.00204014778137
0.00263595581055
0.00209879875183
0.0162658691406
0.00261282920837
0.00202894210815
0.00740003585815
0.00271415710449
0.00227904319763
0.022940158844
0.00276899337769
0.00278997421265
0.0305049419403
0.00278806686401
0.0021698474884
0.0590009689331
0.00299191474915
0.00235199928284
0.0466408729553
0.00296092033386
0.00243711471558
0.0191061496735
0.00280117988586
0.00210905075073
0.00484609603882
0.00271105766296
0.00212597846985
0.00581812858582
0.00269603729248
0.00200390815735
0.00185298919678
0.00260305404663
0.00197696685791
0.027801990509
0.00275182723999
0.00206112861633
0.00203704833984
0.00317978858948
0.00193810462952
0.00813698768616
0.00269198417664
0.0021231174469
0.00193810462952
0.0026228427887
0.00212383270264
0.0444030761719
0.0026490688324
0.00227212905884
0.055114030838
0.00280094146729
0.00220203399658
0.0549330711365
0.00281715393066
0.00275015830994
0.0384929180145
0.0029411315918
0.0023181438446
0.00204300880432
0.00279498100281
0.00221395492554
0.0237100124359
0.00273895263672
0.00232100486755
0.00692987442017
0.00278782844543
0.00212097167969
0.018944978714
0.00264096260071
0.0026741027832
0.00566482543945
0.00262188911438
0.00215196609497
0.00532817840576
0.00270509719849
0.00223016738892
0.00190615653992
0.00258207321167
0.00206613540649
0.00185990333557
0.00251698493958
0.00198698043823
0.00614190101624
0.00269484519958
0.00305700302124
0.00522708892822
0.00251078605652
0.00204300880432
0.0192949771881
0.00268006324768
0.00230598449707
0.0310759544373
0.00267195701599
0.00966787338257
0.0597310066223
0.00286102294922
0.0024471282959
0.0146479606628
0.00279092788696
0.00210189819336
0.00715589523315
0.00324392318726
0.00206518173218
0.00214195251465
0.00290989875793
0.00210881233215
0.00609087944031
0.00293397903442
0.00212383270264
0.00825095176697
0.00255990028381
0.00207901000977
0.0193068981171
0.0024847984314
0.00981688499451
0.0318150520325
0.00321102142334
0.0022988319397
0.017098903656
0.0026969909668
0.00212001800537
0.0053129196167
0.00262880325317
0.00753903388977
0.0169970989227
0.00259113311768
0.00230097770691
0.0151400566101
0.00267314910889
0.00224900245667
0.0230250358582
0.00265407562256
0.00878095626831
0.0125579833984
0.00274205207825
0.0028600692749
0.0104689598083
0.00273299217224
0.00952696800232
0.0936861038208
0.00275802612305
0.002445936203
0.0408279895782
0.0028920173645
0.00941300392151
0.0756809711456
0.00299096107483
0.0173370838165
0.0396931171417
0.00288200378418
0.00229907035828
0.00678396224976
0.00279498100281
0.00223398208618
0.00697898864746
0.00255703926086
0.00201320648193
0.00466394424438
0.00257301330566
0.00207495689392
0.00195598602295
0.00260496139526
0.00201797485352
0.00800895690918
0.00258898735046
0.00195002555847
0.00695490837097
0.00260186195374
0.00215482711792
0.00726795196533
0.00259494781494
0.00209307670593
0.0267510414124
0.00271892547607
0.00587010383606
0.0548820495605
0.00296401977539
0.0103359222412
0.027715921402
0.00338411331177
0.00237202644348
0.0261499881744
0.00267386436462
0.00225400924683
0.00714015960693
0.0027289390564
0.00216484069824
0.00712609291077
0.00268793106079
0.00201606750488
0.00194907188416
0.00278401374817
0.00194191932678
0.00855207443237
0.00261187553406
0.00270390510559
0.00529003143311
0.00262308120728
0.00207185745239
0.020614862442
0.0025749206543
0.00199794769287
0.0153579711914
0.00263500213623
0.0020170211792
0.0074508190155
0.00255393981934
0.00186991691589
0.0556018352509
0.00283718109131
0.00291800498962
0.0742290019989
0.00282502174377
0.00233292579651
0.0229771137238
0.00282001495361
0.00211000442505
0.0148980617523
0.00267696380615
0.00208401679993
0.00727796554565
0.00263690948486
0.00209617614746
0.0272040367126
0.00271201133728
0.0020649433136
0.0158259868622
0.00270414352417
0.00211215019226
0.0066089630127
0.00261807441711
0.00211000442505
0.0152490139008
0.00283598899841
0.00211691856384
0.00701713562012
0.00277709960938
0.00245594978333
0.00675106048584
0.00277614593506
0.00198316574097
0.00203609466553
0.00329089164734
0.00209593772888
0.00782012939453
0.00270700454712
0.00278902053833
0.00630283355713
0.00283193588257
0.00205183029175
0.00510096549988
0.00268006324768
0.00211095809937
0.00937581062317
0.00265598297119
0.00211477279663
0.00731587409973
0.00334405899048
0.0020740032196
0.00648498535156
0.002681016922
0.00206804275513
0.00195503234863
0.00275707244873
0.00204086303711
0.00845694541931
0.00264096260071
0.00207996368408
0.0072910785675
0.00254392623901
0.00206708908081
0.00392293930054
0.00391793251038
0.00227189064026
0.00531792640686
0.00276112556458
0.00346398353577
0.0041069984436
0.00268006324768
0.00255393981934
0.00470399856567
0.00277805328369
0.00770306587219
0.0251340866089
0.0027859210968
0.0054988861084
0.00637197494507
0.00276494026184
0.00238990783691
0.0403249263763
0.0028190612793
0.00240397453308
0.0267531871796
0.00282502174377
0.0023889541626
0.00677514076233
0.00284504890442
0.00227308273315
0.00215005874634
0.00286388397217
0.00233507156372
0.00750803947449
0.00290083885193
0.00228095054626
0.00259304046631
0.00276184082031
0.00235199928284
0.00704479217529
0.00277709960938
0.00232291221619
0.00628685951233
0.00278496742249
0.00230097770691
0.00494480133057
0.00278997421265
0.00227999687195
0.00940084457397
0.0028510093689
0.00233507156372
0.0068051815033
0.00336003303528
0.0023729801178
0.00213885307312
0.00282311439514
0.00223016738892
0.00214290618896
0.00289702415466
0.00228786468506
0.00722789764404
0.00275707244873
0.00216197967529
0.00759601593018
0.00278401374817
0.0022280216217
0.00685214996338
0.00276899337769
0.00259900093079
0.00678586959839
0.00264596939087
0.00230407714844
0.0148620605469
0.00279188156128
0.00227499008179
0.00528383255005
0.00296711921692
0.00215005874634
0.00491309165955
0.00281310081482
0.00215697288513
0.00214982032776
0.00279712677002
0.00299310684204
0.00664401054382
0.00287508964539
0.002357006073
0.00532197952271
0.00268197059631
0.00244188308716
0.00581812858582
0.00282001495361
0.00233602523804
0.00773787498474
0.00286197662354
0.0023410320282
0.00860595703125
0.00301384925842
0.00242710113525
0.0027129650116
0.00281596183777
0.00220799446106
0.00584697723389
0.00277900695801
0.00243091583252
0.0156679153442
0.00273394584656
0.00231003761292
0.00210499763489
0.0026650428772
0.00229382514954
0.00778007507324
0.00276303291321
0.00239610671997
0.026741027832
0.00324201583862
0.00242304801941
0.0143420696259
0.00282788276672
0.00246405601501
0.00607013702393
0.00284314155579
0.00238680839539
0.0114779472351
0.0028190612793
0.00237679481506
0.0227999687195
0.00272512435913
0.00226616859436
0.00704407691956
0.00325202941895
0.00232601165771
0.00641989707947
0.0027539730072
0.00248193740845
0.00216507911682
0.00277614593506
0.00228190422058
0.00754404067993
0.00269317626953
0.00231409072876
0.00216007232666
0.00271511077881
0.00238585472107
0.0275518894196
0.00274705886841
0.00285792350769
0.00635504722595
0.00274920463562
0.0023717880249
0.00515699386597
0.00293207168579
0.00248289108276
0.00474190711975
0.00281095504761
0.00250196456909
0.00211906433105
0.00266814231873
0.00232815742493
0.00205779075623
0.00270795822144
0.00235104560852
0.00804018974304
0.0026969909668
0.00231194496155
0.00212097167969
0.00274705886841
0.00216603279114
0.00790500640869
0.00277185440063
0.00227499008179
0.00696611404419
0.00276207923889
0.00217819213867
0.0109710693359
0.00274705886841
0.00214314460754
0.00533199310303
0.00286197662354
0.00229811668396
0.00882601737976
0.00283813476562
0.00236296653748
0.0021059513092
0.00291204452515
0.00230598449707
0.00201511383057
0.00278520584106
0.00209307670593
0.00848793983459
0.00281286239624
0.00228190422058
0.00308299064636
0.00273990631104
0.00230288505554
0.00667309761047
0.00286793708801
0.00244092941284
0.0226109027863
0.00277209281921
0.00239396095276
0.0102071762085
0.00295996665955
0.00240206718445
0.0433218479156
0.00295495986938
0.00250005722046
0.0586860179901
0.00332903862
0.00236892700195
0.0259778499603
0.00286316871643
0.00235295295715
0.0070960521698
0.00281190872192
0.00240993499756
0.00660991668701
0.00278902053833
0.00249600410461
0.00669717788696
0.00279402732849
0.0024139881134
0.00501894950867
0.00290703773499
0.00290083885193
0.00428795814514
0.00286602973938
0.00229787826538
0.00478482246399
0.00280809402466
0.00240087509155
0.00843000411987
0.00285601615906
0.00220608711243
0.00704503059387
0.00287914276123
0.0023238658905
0.00660705566406
0.00285315513611
0.00246000289917
0.00680088996887
0.00266599655151
0.00248193740845
0.00544095039368
0.00276494026184
0.0023980140686
0.00493383407593
0.00281000137329
0.0024528503418
0.00796318054199
0.00268006324768
0.00232005119324
0.00908303260803
0.00273203849792
0.0023820400238
0.00246715545654
0.00270199775696
0.00227785110474
0.00733494758606
0.00268292427063
0.00244307518005
0.00214815139771
0.00281500816345
0.00232911109924
0.0195682048798
0.0027871131897
0.00232601165771
0.0021071434021
0.00284099578857
0.00237107276917
0.0076048374176
0.00339198112488
0.00239109992981
0.00813603401184
0.00273895263672
0.00246286392212
0.0368659496307
0.00286602973938
0.00244498252869
0.00284600257874
0.00280499458313
0.00251603126526
0.00660490989685
0.00293207168579
0.00231885910034
0.00670909881592
0.00277709960938
0.00288987159729
0.00217700004578
0.00283098220825
0.002366065979
0.00681090354919
0.00288105010986
0.00235819816589
0.0068531036377
0.00293278694153
0.00248098373413
0.00212597846985
0.00277996063232
0.00591206550598
0.00577282905579
0.0028281211853
0.00326800346375
0.00381398200989
0.00275492668152
0.00761103630066
0.0295538902283
0.00283193588257
0.0135159492493
0.0716550350189
0.00291395187378
0.00258088111877
0.0544950962067
0.00296878814697
0.00254201889038
0.0424809455872
0.00292491912842
0.00253915786743
0.00717496871948
0.00295901298523
0.00237703323364
0.00600790977478
0.00294208526611
0.00236701965332
0.00631213188171
0.00282907485962
0.00230383872986
0.0312559604645
0.00291705131531
0.00214886665344
0.00697803497314
0.00286388397217
0.00224304199219
0.00215291976929
0.00336980819702
0.00233602523804
0.0148720741272
0.00281190872192
0.00246906280518
0.006756067276
0.00291109085083
0.00230097770691
0.0107870101929
0.00284695625305
0.00246691703796
0.0146341323853
0.00287818908691
0.00239515304565
0.00674414634705
0.00330781936646
0.00239491462708
0.00629305839539
0.00286388397217
0.00245499610901
0.00209379196167
0.00284004211426
0.00318789482117
0.0144300460815
0.00279784202576
0.00233006477356
0.0189430713654
0.0029730796814
0.00247716903687
0.0105121135712
0.0034601688385
0.00236392021179
0.00615191459656
0.00287294387817
0.0022280216217
0.0267868041992
0.00275492668152
0.00213503837585
0.035080909729
0.00275993347168
0.00222301483154
0.01100897789
0.0028178691864
0.00235390663147
0.034835100174
0.00393795967102
0.00236296653748
0.0577530860901
0.00284695625305
0.00228905677795
0.0267848968506
0.00279307365417
0.00243616104126
0.0227880477905
0.00283408164978
0.00230383872986
0.00705504417419
0.00279498100281
0.00343418121338
0.0104050636292
0.00295305252075
0.0025269985199
0.00812196731567
0.00266718864441
0.00227403640747
0.00507283210754
0.00275111198425
0.00225520133972
0.00494194030762
0.00282692909241
0.0022120475769
0.00499105453491
0.00277209281921
0.00217199325562
0.00513195991516
0.00271916389465
0.00214099884033
0.044942855835
0.00294899940491
0.00242280960083
0.0302131175995
0.00275492668152
0.00222396850586
0.0236690044403
0.0028030872345
0.00245404243469
0.00206017494202
0.00274181365967
0.00220894813538
0.00455713272095
0.00275921821594
0.0024631023407
0.0092248916626
0.00331902503967
0.00226402282715
0.00652098655701
0.00274610519409
0.00231409072876
0.0020740032196
0.00271701812744
0.00232815742493
0.0444190502167
0.00275993347168
0.00229692459106
0.0382130146027
0.00273990631104
0.00227499008179
0.00696206092834
0.00288605690002
0.00295114517212
0.030219078064
0.00272393226624
0.00213193893433
0.0391221046448
0.00279498100281
0.00224113464355
0.00213289260864
0.00280904769897
0.00243520736694
0.0273749828339
0.00271606445312
0.00226092338562
0.0230958461761
0.00271797180176
0.0028350353241
0.034451007843
0.00268602371216
0.00235605239868
0.0149648189545
0.00273394584656
0.0022759437561
0.00706195831299
0.00279498100281
0.00233697891235
0.00208592414856
0.00274109840393
0.00234389305115
0.0124549865723
0.00256013870239
0.00233507156372
0.00241804122925
0.00271487236023
0.00231790542603
0.00195002555847
0.0027768611908
0.0022759437561
0.00773286819458
0.00258207321167
0.00236701965332
0.00663805007935
0.00257992744446
0.00223398208618
0.0114660263062
0.00271606445312
0.00230002403259
0.0229861736298
0.00322008132935
0.00235199928284
0.006502866745
0.00269389152527
0.00210690498352
0.0231869220734
0.00271606445312
0.00218605995178
0.00715804100037
0.00272297859192
0.00229787826538
0.00695395469666
0.00285005569458
0.00240588188171
0.00667405128479
0.00333213806152
0.00219917297363
0.0224580764771
0.0026969909668
0.00215816497803
0.00726509094238
0.00275707244873
0.00215411186218
0.0189399719238
0.00268220901489
0.00206804275513
0.00732803344727
0.00276899337769
0.00216102600098
0.00706696510315
0.00274085998535
0.00258708000183
0.0345618724823
0.002681016922
0.00231695175171
0.0395739078522
0.00285387039185
0.0023410320282
0.0502820014954
0.00278282165527
0.00233697891235
0.046863079071
0.00277709960938
0.00235795974731
0.0428400039673
0.00290012359619
0.0021378993988
0.0389649868011
0.0028350353241
0.0023717880249
0.0289871692657
0.00281000137329
0.0021390914917
0.016793012619
0.00274896621704
0.00235414505005
0.0148959159851
0.00280904769897
0.00231981277466
0.00397896766663
0.00275492668152
0.00236010551453
0.00629806518555
0.00269293785095
0.0022509098053
0.00944995880127
0.0026969909668
0.0022349357605
0.00506186485291
0.00270509719849
0.00235199928284
0.00839018821716
0.00269913673401
0.00227880477905
0.00845193862915
0.00269508361816
0.00232481956482
0.00305795669556
0.00258302688599
0.00218200683594
0.00722718238831
0.00260210037231
0.00205302238464
0.00198101997375
0.00280904769897
0.00217604637146
0.0402829647064
0.00276803970337
0.00224089622498
0.0750548839569
0.00280809402466
0.00240111351013
0.0427858829498
0.00281596183777
0.00282597541809
0.0343608856201
0.00271105766296
0.00217890739441
0.0150339603424
0.00269985198975
0.00222992897034
0.00710606575012
0.00268292427063
0.00216698646545
0.00205993652344
0.00273084640503
0.00228691101074
0.0159859657288
0.00256085395813
0.00274109840393
0.00667881965637
0.00271391868591
0.00215005874634
0.0110518932343
0.00264096260071
0.00216889381409
0.0672991275787
0.00280618667603
0.00269603729248
0.0464980602264
0.00284194946289
0.00244498252869
0.0626780986786
0.00277781486511
0.00233697891235
0.0193898677826
0.0027129650116
0.00222396850586
0.00652599334717
0.0028018951416
0.0022029876709
0.0109810829163
0.00267505645752
0.00210690498352
0.043163061142
0.00269198417664
0.00224304199219
0.0511310100555
0.00279092788696
0.0023078918457
0.00557398796082
0.00340509414673
0.00221419334412
0.00774312019348
0.00278878211975
0.00222015380859
0.00696897506714
0.00277400016785
0.00221109390259
0.019024848938
0.00277495384216
0.00224089622498
0.016086101532
0.00274896621704
0.00232815742493
0.0048508644104
0.00323510169983
0.00233602523804
0.00449109077454
0.00277519226074
0.00227618217468
0.00490808486938
0.00270390510559
0.00210499763489
0.00513577461243
0.00259494781494
0.00213098526001
0.00531315803528
0.00273704528809
0.00215601921082
0.00514793395996
0.00261282920837
0.00254106521606
0.00490999221802
0.0027220249176
0.00207090377808
0.00492000579834
0.00261092185974
0.0020580291748
0.00190806388855
0.0025589466095
0.00204300880432
0.00508785247803
0.00251603126526
0.00200700759888
0.00590801239014
0.0026171207428
0.00203800201416
0.00739002227783
0.00253295898438
0.00208878517151
0.00660514831543
0.00253796577454
0.00212788581848
0.0120160579681
0.00263118743896
0.00195503234863
0.00744295120239
0.00261998176575
0.00207901000977
0.0112841129303
0.00248885154724
0.00303506851196
0.00727081298828
0.00277709960938
0.00244784355164
0.00375294685364
0.00270390510559
0.00221300125122
0.00551605224609
0.00273585319519
0.00236010551453
0.0067892074585
