0.00542306900024
0.00268602371216
0.00304102897644
0.0073390007019
0.0085871219635
0.00243401527405
0.00183916091919
0.00722503662109
0.00243997573853
0.00392007827759
0.0041069984436
0.00240182876587
0.0156300067902
0.00837898254395
0.00241494178772
0.017343044281
0.00321197509766
0.00308895111084
0.00573801994324
0.00322103500366
0.0025041103363
0.00241994857788
0.00303196907043
0.00240397453308
0.0342819690704
0.0132730007172
0.00269389152527
0.0880048274994
0.00842213630676
0.00374317169189
0.0678751468658
0.00815200805664
0.00321221351624
0.0766079425812
0.0124509334564
0.003005027771
0.064512014389
0.00853300094604
0.00291800498962
0.0205340385437
0.00430178642273
0.0025749206543
0.00389790534973
0.00350403785706
0.00262498855591
0.00271987915039
0.00366997718811
0.00297594070435
0.00612592697144
0.00309300422668
0.00318312644958
0.00367903709412
0.00313591957092
0.00263810157776
0.0080201625824
0.00301313400269
0.00273895263672
0.00220417976379
0.00334692001343
0.00262308120728
0.0026969909668
0.00317001342773
0.00261211395264
0.00224113464355
0.00308394432068
0.0025429725647
0.0025520324707
0.00293684005737
0.00262498855591
0.00216221809387
0.0028190612793
0.00260710716248
0.00248003005981
0.00589895248413
0.00262403488159
0.00331807136536
0.00340509414673
0.00280904769897
0.007572889328
0.0100629329681
0.00271797180176
0.00233101844788
0.00374388694763
0.00260519981384
0.00555610656738
0.00287413597107
0.0027289390564
0.00413680076599
0.00301885604858
0.0026490688324
0.00264096260071
0.0085620880127
0.00261211395264
0.00227093696594
0.0116679668427
0.00260615348816
0.00223898887634
0.00549411773682
0.00256609916687
0.00230002403259
0.00324487686157
0.00277495384216
0.00641894340515
0.00313186645508
0.00253391265869
0.003173828125
0.00311398506165
0.00304794311523
0.00953197479248
0.00295901298523
0.00266313552856
0.00302600860596
0.00683403015137
0.0026068687439
0.00290608406067
0.00296497344971
0.00249695777893
0.00447106361389
0.00861001014709
0.00264096260071
0.00224804878235
0.0103571414948
0.00258302688599
0.00390815734863
0.00505900382996
0.00277090072632
0.00220799446106
0.0028829574585
0.00271081924438
0.00221705436707
0.00819706916809
0.00265312194824
0.0108160972595
0.00431108474731
0.00274395942688
0.00782895088196
0.00599694252014
0.00301885604858
0.00335693359375
0.0032160282135
0.00270390510559
0.00555181503296
0.00784587860107
0.00255489349365
0.00815486907959
0.00485587120056
0.00263500213623
0.0061891078949
0.00771999359131
0.00261902809143
0.00229406356812
0.00512003898621
0.00253200531006
0.0023078918457
0.00822305679321
0.002690076828
0.00229907035828
0.00447916984558
0.00279688835144
0.00452303886414
0.00800704956055
0.00278902053833
0.0276868343353
0.00459504127502
0.00278401374817
0.0227689743042
0.00457811355591
0.00274395942688
0.0683579444885
0.00586795806885
0.00359797477722
0.0103559494019
0.00799298286438
0.00288820266724
0.00247383117676
0.0065770149231
0.00295495986938
0.0369758605957
0.00821590423584
0.00292801856995
0.00768899917603
0.00925993919373
0.00295400619507
0.043869972229
0.00389695167542
0.00333905220032
0.00653004646301
0.00342988967896
0.00278782844543
0.0128569602966
0.00309085845947
0.00283193588257
0.00627279281616
0.00304388999939
0.00273585319519
0.0339739322662
0.00312900543213
0.00263810157776
0.00234413146973
0.00305795669556
0.00271010398865
0.0467150211334
0.00356888771057
0.00288391113281
0.0049090385437
0.00336694717407
0.00279784202576
0.00234985351562
0.00317192077637
0.00276684761047
0.00607299804688
0.00319004058838
0.00270700454712
0.014496088028
0.00319600105286
0.00280022621155
0.00938105583191
0.00383615493774
0.00281810760498
0.00725507736206
0.00316214561462
0.00298190116882
0.00380992889404
0.00325989723206
0.00335788726807
0.00224685668945
0.00301098823547
0.00282096862793
0.00932312011719
0.00296401977539
0.00265288352966
0.00610995292664
0.00346612930298
0.00267100334167
0.00303196907043
0.00310206413269
0.00264310836792
0.00545811653137
0.0030791759491
0.00269913673401
0.006098985672
0.00285696983337
0.00271201133728
0.00294804573059
0.0029079914093
0.00259399414062
0.00625514984131
0.00362396240234
0.00270199775696
0.00208306312561
0.00291609764099
0.00253701210022
0.002112865448
0.00290894508362
0.00262212753296
0.00616908073425
0.00289702415466
0.00324177742004
0.00259685516357
0.00325798988342
0.00254321098328
0.00607204437256
0.00447797775269
0.0025749206543
0.00570487976074
0.00307106971741
0.00275802612305
0.00593495368958
0.00324606895447
0.00273609161377
0.00373101234436
0.00281810760498
0.00285506248474
0.0044641494751
0.00281810760498
0.00260996818542
0.0132348537445
0.00290703773499
0.00265407562256
0.00325703620911
0.00320482254028
0.00273990631104
0.00269889831543
0.0029239654541
0.00302910804749
0.00211095809937
0.00280404090881
0.00255703926086
0.00538611412048
0.00275492668152
0.00275492668152
0.00644493103027
0.00287199020386
0.00267505645752
0.00635695457458
0.00271797180176
0.00261402130127
0.0104470252991
0.00287199020386
0.00263500213623
0.00206017494202
0.00288605690002
0.00253510475159
0.00294303894043
0.00285911560059
0.00248503684998
0.0247089862823
0.00312995910645
0.00268483161926
0.0139729976654
0.00345301628113
0.00266790390015
0.0241620540619
0.00302314758301
0.00284910202026
0.00328516960144
0.00356197357178
0.00260591506958
0.0130717754364
0.00298500061035
0.00264310836792
0.0138101577759
0.00300192832947
0.00267100334167
0.0107719898224
0.003173828125
0.00308203697205
0.00224304199219
0.00328278541565
0.0029890537262
0.0196671485901
0.00319409370422
0.00274300575256
0.0268797874451
0.00283288955688
0.00263595581055
0.0125279426575
0.00279188156128
0.00248003005981
0.0239770412445
0.00343108177185
0.00310778617859
0.00224804878235
0.00294399261475
0.0024950504303
0.00721597671509
0.00271892547607
0.00280094146729
0.00570511817932
0.00301003456116
0.00247502326965
0.00456786155701
0.00310397148132
0.00242900848389
0.00420594215393
0.00285601615906
0.00243616104126
0.00549101829529
0.00283813476562
0.00250816345215
0.0034499168396
0.00302982330322
0.00280094146729
0.00310611724854
0.0028510093689
0.00264191627502
0.00641489028931
0.00296092033386
0.00276494026184
0.00237417221069
0.00318694114685
0.00254487991333
0.0022349357605
0.00348281860352
0.00272011756897
0.00638294219971
0.00312089920044
0.00269389152527
0.0061948299408
0.00315690040588
0.00279092788696
0.00450897216797
0.00303101539612
0.00261116027832
0.00382113456726
0.00305104255676
0.0026171207428
0.00245213508606
0.00336694717407
0.00256299972534
0.00679397583008
0.0027449131012
0.00243520736694
0.00974202156067
0.00277614593506
0.00268602371216
0.00550103187561
0.00280904769897
0.00258898735046
0.00215601921082
0.0027060508728
0.00260615348816
0.00802612304688
0.00340104103088
0.00318789482117
0.00220012664795
0.00290489196777
0.00262188911438
0.00811004638672
0.00281405448914
0.00262904167175
0.00250816345215
0.0028989315033
0.00267386436462
0.00697588920593
0.0028178691864
0.00266599655151
0.00209808349609
0.00280714035034
0.00261116027832
0.00257802009583
0.00282406806946
0.00271582603455
0.00199890136719
0.00265216827393
0.00263905525208
0.00802612304688
0.00272607803345
0.00254702568054
0.00203490257263
0.00268197059631
0.00258684158325
0.002121925354
0.00264096260071
0.00272512435913
0.0041229724884
0.00258994102478
0.00266313552856
0.00191783905029
0.00270485877991
0.00336289405823
0.00191402435303
0.0024528503418
0.00317287445068
0.00435209274292
0.00278997421265
0.00249195098877
0.00273609161377
0.0027801990509
0.00266098976135
0.0103030204773
0.00252413749695
0.00280785560608
0.00223398208618
0.0028829574585
0.00265097618103
0.0100128650665
0.00265192985535
0.00267815589905
0.00682401657104
0.00255990028381
0.00244498252869
0.00670695304871
0.00263690948486
0.00267887115479
0.00667190551758
0.00250911712646
0.00304698944092
0.00172090530396
0.00294899940491
0.00239109992981
0.00293612480164
0.00299501419067
0.00235676765442
0.00777006149292
0.00278902053833
0.00231909751892
0.00215196609497
0.00285506248474
0.0023980140686
0.00709700584412
0.00272607803345
0.00283598899841
0.00212097167969
0.00278615951538
0.00211596488953
0.0037670135498
0.00294399261475
0.00219297409058
0.00220799446106
0.00292181968689
0.00234699249268
0.00239109992981
0.00276899337769
0.00219798088074
0.0024049282074
0.00296115875244
0.00234794616699
0.016774892807
0.00280094146729
0.00247406959534
0.0126669406891
0.00305414199829
0.00211691856384
0.00331592559814
0.00300002098083
0.00269603729248
0.00224685668945
0.00293707847595
0.00260806083679
0.0075421333313
0.00340414047241
0.00303411483765
0.00481605529785
0.00354480743408
0.00266599655151
0.00663185119629
0.00291800498962
0.00899696350098
0.00788497924805
0.00287103652954
0.00266790390015
0.0220539569855
0.00331211090088
0.00906705856323
0.00798177719116
0.00300192832947
0.00256180763245
0.0180690288544
0.00375413894653
0.00266480445862
0.00497102737427
0.00302791595459
0.00354290008545
0.00192379951477
0.00290393829346
0.00261092185974
0.00217890739441
0.00299096107483
0.00260806083679
0.00235486030579
0.00284385681152
0.00244903564453
0.00194811820984
0.00290298461914
0.00283217430115
0.00236201286316
0.00305795669556
0.00241303443909
0.00499582290649
0.00289702415466
0.0023820400238
0.00564289093018
0.00312685966492
0.00250101089478
0.00214791297913
0.00299286842346
0.00246286392212
0.00215601921082
0.00290012359619
0.00244212150574
0.00737309455872
0.00300216674805
0.00253891944885
0.00220108032227
0.00308012962341
0.00259113311768
0.00242114067078
0.00303506851196
0.00491619110107
0.00816607475281
0.00315690040588
0.00300884246826
0.0136799812317
0.00315999984741
0.0026478767395
0.00324010848999
0.00284814834595
0.00246405601501
0.0135428905487
0.002925157547
0.00262117385864
0.00236105918884
0.00281500816345
0.0026650428772
0.0145409107208
0.00298881530762
0.00261807441711
0.0145220756531
0.00296902656555
0.00256490707397
0.00249004364014
0.00337100028992
0.00263595581055
0.00605177879333
0.00293898582458
0.00250482559204
0.00223588943481
0.00311684608459
0.00246596336365
0.00672101974487
0.00293111801147
0.00246906280518
0.00220394134521
0.00285410881042
0.00234293937683
0.00736403465271
0.00286102294922
0.00298404693604
0.00589179992676
0.0027871131897
0.00243902206421
0.00542593002319
0.00292706489563
0.00243210792542
0.00668907165527
0.00277400016785
0.00253891944885
0.00491404533386
0.00267601013184
0.00252795219421
0.00485396385193
0.00281286239624
0.00320887565613
0.00411200523376
0.00290489196777
0.00296783447266
0.00901103019714
0.00310301780701
0.00284695625305
0.00233006477356
0.00302505493164
0.00268411636353
0.0136480331421
0.00303888320923
0.00260615348816
0.0149319171906
0.00310301780701
0.00385689735413
0.00876712799072
0.00299715995789
0.00259304046631
0.00231194496155
0.00311899185181
0.0025360584259
0.0480959415436
0.00298285484314
0.00256705284119
0.00885605812073
0.00310015678406
0.0025680065155
0.00888705253601
0.0030210018158
0.00251698493958
0.0114710330963
0.00380802154541
0.00258803367615
0.00586700439453
0.0029239654541
0.00253295898438
0.00214314460754
0.00289702415466
0.0025520324707
0.00694489479065
0.00337195396423
0.00251007080078
0.0061309337616
0.00297713279724
0.00263094902039
0.00455904006958
0.00339007377625
0.00260901451111
0.00420212745667
0.00284004211426
0.00236701965332
0.00225591659546
0.00287699699402
0.00244903564453
0.00580215454102
0.00292110443115
0.00231385231018
0.00478291511536
0.00276684761047
0.00238585472107
0.0058319568634
0.00281310081482
0.00302815437317
0.00218892097473
0.00278401374817
0.00248098373413
0.00218105316162
0.00284314155579
0.00256609916687
0.0229070186615
0.0029878616333
0.0024778842926
0.00296878814697
0.00271201133728
0.00225305557251
0.0037260055542
0.00274801254272
0.00229096412659
0.0149660110474
0.00304102897644
0.00224590301514
0.00484704971313
0.00294995307922
0.0022759437561
0.0193018913269
0.00303602218628
0.00246405601501
0.00239205360413
0.00322914123535
0.0024721622467
0.00240182876587
0.00327205657959
0.00247097015381
0.0030038356781
0.0031909942627
0.00227808952332
0.0257651805878
0.00299000740051
0.00236821174622
0.00254487991333
0.0030689239502
0.00240778923035
0.00219488143921
0.00293183326721
0.00245785713196
0.00734782218933
0.0029730796814
0.00245809555054
0.00209712982178
0.00335192680359
0.0023398399353
0.0074360370636
0.00287008285522
0.0023500919342
0.00198984146118
0.00279593467712
0.00221705436707
0.00676608085632
0.00283217430115
0.0021059513092
0.00192809104919
0.00276803970337
0.00205397605896
0.00830888748169
0.00271391868591
0.00280714035034
0.00633311271667
0.00289678573608
0.00203800201416
0.0157458782196
0.00317287445068
0.00220108032227
0.00217199325562
0.00329208374023
0.00219202041626
0.0466079711914
0.00319004058838
0.00254702568054
0.00225305557251
0.00302600860596
0.00281095504761
0.00221991539001
0.00296378135681
0.00227189064026
0.00624799728394
0.00297212600708
0.0022759437561
0.00743198394775
0.00291085243225
0.00214505195618
0.466337919235
0.00314402580261
0.00255608558655
0.00265288352966
0.00306487083435
0.00254702568054
0.00285005569458
0.00293016433716
0.00237607955933
0.00228714942932
0.0030369758606
0.00236511230469
0.00223016738892
0.0030620098114
0.00228118896484
0.00212597846985
0.00306797027588
0.00222396850586
0.00457000732422
0.00288915634155
0.0022120475769
0.0031430721283
0.00363087654114
0.00230979919434
0.00223398208618
0.00284790992737
0.00225496292114
0.00224804878235
0.00283288955688
0.0022988319397
0.00507807731628
0.00352001190186
0.00223994255066
0.00212907791138
0.00283885002136
0.00246095657349
0.00227999687195
0.00326204299927
0.00256109237671
0.0125789642334
0.00273585319519
0.00242185592651
0.00589203834534
0.00277209281921
0.00272917747498
0.00194597244263
0.00266289710999
0.00239515304565
0.00204801559448
0.00268912315369
0.00227999687195
0.0083589553833
0.00358510017395
0.00224614143372
0.00202918052673
0.00276303291321
0.00222992897034
0.0072500705719
0.00294494628906
0.00223588943481
0.00200390815735
0.00266885757446
0.00211095809937
0.00201010704041
0.00262904167175
0.00211215019226
0.0041401386261
0.0025200843811
0.00217199325562
0.00575995445251
0.00256204605103
0.00202012062073
0.00198698043823
0.00272393226624
0.00205183029175
0.0019268989563
0.00296902656555
0.00211119651794
0.00225615501404
0.00285506248474
0.00218510627747
0.00240707397461
0.00273299217224
0.00210499763489
0.00618386268616
0.00307488441467
0.0020580291748
0.00198292732239
0.00273108482361
0.00207805633545
0.00215792655945
0.00275802612305
0.00201892852783
0.00210905075073
0.00261497497559
0.00205898284912
0.0057361125946
0.00273895263672
0.00220394134521
0.00211787223816
0.00285220146179
0.00233316421509
0.00452303886414
0.00277614593506
0.00247311592102
0.00568413734436
0.002681016922
0.00241613388062
0.00589108467102
0.00281000137329
0.0021390914917
0.00231909751892
0.00287413597107
0.00216698646545
0.00221514701843
0.00281095504761
0.00277996063232
0.0053858757019
0.00304102897644
0.00236892700195
0.00634503364563
0.00375604629517
0.00239205360413
0.00302004814148
0.00281691551208
0.00215077400208
0.00336003303528
0.00274395942688
0.00220108032227
0.00940895080566
0.00279998779297
0.00270009040833
0.00202012062073
0.00247097015381
0.00222587585449
0.00769305229187
0.00282001495361
0.00219511985779
0.00199699401855
0.00255417823792
0.00216197967529
0.00562691688538
0.00288605690002
0.00216102600098
0.00594687461853
0.00275301933289
0.00220203399658
0.00270104408264
0.00276803970337
0.002112865448
0.00222301483154
0.00277709960938
0.00215888023376
0.00214409828186
0.00287318229675
0.0023729801178
0.00225782394409
0.0027449131012
0.00203490257263
0.00417709350586
0.00266408920288
0.00207114219666
0.00415301322937
0.00321197509766
0.00212597846985
0.00212502479553
0.00315499305725
0.0023398399353
0.00501203536987
0.00268411636353
0.00245594978333
0.00201916694641
0.00272798538208
0.00252294540405
0.00372982025146
0.00263595581055
0.00227284431458
0.00184202194214
0.00311803817749
0.0023238658905
0.00620889663696
0.00264692306519
0.00229096412659
0.00208497047424
0.0026159286499
0.0021870136261
0.00364089012146
0.00264406204224
0.00211906433105
0.00197005271912
0.00272607803345
0.00214815139771
0.00843906402588
0.00250482559204
0.0026319026947
0.00205397605896
0.00260901451111
0.00228810310364
0.00192594528198
0.00268912315369
0.00237512588501
0.00522398948669
0.00247097015381
0.00237202644348
0.00576496124268
0.00259208679199
0.00217604637146
0.00864219665527
0.00252914428711
0.00218200683594
0.00246095657349
0.00254797935486
0.00225496292114
0.00184297561646
0.00250387191772
0.00239109992981
0.0031430721283
0.00243997573853
0.00222706794739
0.00579905509949
0.00289487838745
0.00237321853638
0.00218296051025
0.00296688079834
0.00230479240417
0.0027220249176
0.00309920310974
0.00236916542053
0.00236392021179
0.00284504890442
0.00241708755493
0.00729012489319
0.00289702415466
0.00226187705994
0.00373506546021
0.0028190612793
0.00222301483154
0.00433707237244
0.0028510093689
0.00230002403259
0.00941491127014
0.00271391868591
0.00229716300964
0.00204706192017
0.00256109237671
0.00228595733643
0.00714802742004
0.0025110244751
0.00231599807739
0.00203919410706
0.0024790763855
0.0022029876709
0.00839591026306
0.00247693061829
0.00222110748291
0.00201797485352
0.00244092941284
0.0027129650116
0.00803780555725
0.00248289108276
0.00224089622498
0.0179090499878
0.00247502326965
0.00215601921082
0.00536394119263
0.00283408164978
0.00233292579651
0.00221705436707
0.00268507003784
0.00223898887634
0.00215601921082
0.0026068687439
0.00275707244873
0.00770497322083
0.00267910957336
0.00227999687195
0.00701093673706
0.00305199623108
0.00310492515564
0.0099880695343
0.0030529499054
0.0026228427887
0.0195460319519
0.00264596939087
0.00234699249268
0.00515294075012
0.00273299217224
0.00230503082275
0.00553894042969
0.00283598899841
0.00230479240417
0.0020899772644
0.00288105010986
0.00226187705994
0.0454008579254
0.00303101539612
0.00235509872437
0.0065438747406
0.00291299819946
0.00231909751892
0.0350320339203
0.00297904014587
0.00237107276917
0.00484299659729
0.00332403182983
0.00233316421509
0.0118460655212
0.00284099578857
0.00237703323364
0.00205993652344
0.00282096862793
0.0022509098053
0.0302269458771
0.00295519828796
0.00233292579651
0.00514197349548
0.00285482406616
0.00227403640747
0.0298390388489
0.00348305702209
0.00238490104675
0.00634503364563
0.00275182723999
0.00229287147522
0.0148749351501
0.00278306007385
0.00213718414307
0.00202202796936
0.0025999546051
0.00194311141968
0.0041069984436
0.00258684158325
0.00214791297913
0.00465607643127
0.00252103805542
0.00242805480957
0.00314092636108
0.0026319026947
0.00206780433655
0.00200295448303
0.00251889228821
0.00208616256714
0.00199103355408
0.002525806427
0.00197696685791
0.00884795188904
0.00261092185974
0.00201797485352
0.00250291824341
0.00541687011719
0.00198006629944
0.00238394737244
0.00251197814941
0.00200200080872
0.00181293487549
0.00251388549805
0.00193095207214
0.00189805030823
0.00235414505005
0.00184011459351
0.00610899925232
0.00242710113525
0.00184202194214
0.00773286819458
0.00234889984131
0.00183987617493
0.00219297409058
0.00235605239868
0.00196194648743
0.00935196876526
0.00231719017029
0.00201106071472
0.00173401832581
0.00241279602051
0.00225591659546
0.00556898117065
0.0028121471405
0.00224089622498
0.00695085525513
0.00279092788696
0.00218987464905
0.00702118873596
0.00319695472717
0.00220489501953
0.00201916694641
0.00268507003784
0.00292015075684
0.00702500343323
0.00295495986938
0.00227308273315
0.00223517417908
0.00279402732849
0.00225710868835
0.00740504264832
0.00283217430115
0.00228404998779
0.00669503211975
0.00282096862793
0.00276112556458
0.00215196609497
0.00270700454712
0.00214409828186
0.00219392776489
0.00274610519409
0.00207018852234
0.00856113433838
0.00282096862793
0.00211381912231
0.00692796707153
0.00288009643555
0.00209403038025
0.0031750202179
0.00288891792297
0.00252413749695
0.0022029876709
0.00278401374817
0.00215291976929
0.00767588615417
0.00283980369568
0.00196099281311
0.00240397453308
0.00274610519409
0.00193405151367
0.00782299041748
0.00282883644104
0.00203394889832
0.0350019931793
0.00278687477112
0.00356483459473
0.0089910030365
0.00291109085083
0.00247478485107
0.00749611854553
0.00291705131531
0.00227117538452
0.00671696662903
0.00280785560608
0.00235795974731
0.0022120475769
0.00286912918091
0.0022349357605
0.00744390487671
0.00286507606506
0.00216794013977
0.006991147995
0.0163249969482
0.0022029876709
0.0172321796417
0.00290894508362
0.00227904319763
0.0070469379425
0.00279092788696
0.00226402282715
0.022716999054
0.00283598899841
0.00221490859985
0.00710201263428
0.00291991233826
0.00217390060425
0.00693082809448
0.00281691551208
0.00217580795288
0.0268788337708
0.0028829574585
0.00235199928284
0.0020899772644
0.00327515602112
0.00238704681396
0.00721406936646
0.00286412239075
0.00235414505005
0.0105080604553
0.00293517112732
0.00230598449707
0.00695109367371
0.00282216072083
0.00230097770691
0.00219893455505
0.00287008285522
0.0022189617157
0.00262904167175
0.0027060508728
0.00229001045227
0.00498080253601
0.00277900695801
0.0022189617157
0.00374984741211
0.00283288955688
0.00215578079224
0.00339508056641
0.00268793106079
0.00219702720642
0.0056459903717
0.00267100334167
0.00277400016785
0.0146119594574
0.00271797180176
0.00243210792542
0.00291609764099
0.00296592712402
0.00243210792542
0.00670719146729
0.00275111198425
0.00245809555054
0.00479412078857
0.00285911560059
0.0023410320282
0.00211000442505
0.00283694267273
0.00294995307922
0.00214791297913
0.0027539730072
0.00236701965332
0.00813889503479
0.00267386436462
0.00245785713196
0.00207090377808
0.00262784957886
0.00225186347961
0.00352096557617
0.00270485877991
0.00225400924683
0.00774598121643
0.00299787521362
0.00234699249268
0.00670409202576
0.00260901451111
0.0021550655365
0.00463604927063
0.002760887146
0.00223207473755
0.0072557926178
0.00265002250671
0.00220108032227
0.00514197349548
0.00255012512207
0.00218510627747
0.00218105316162
0.00325179100037
0.00218296051025
0.00219798088074
0.00270509719849
0.00216102600098
0.00902199745178
0.00281596183777
0.00224089622498
0.0021059513092
0.00277805328369
0.00239706039429
0.00757598876953
0.00276589393616
0.0023078918457
0.00259900093079
0.0029399394989
0.00229287147522
0.00720286369324
0.00296187400818
0.00218987464905
0.00211787223816
0.00268292427063
0.0021870136261
0.00556302070618
0.00277781486511
0.00221705436707
0.00515198707581
0.00276899337769
0.00230503082275
0.00262689590454
0.00281190872192
0.00222516059875
0.0073721408844
0.00277304649353
0.00209212303162
0.0147740840912
0.00270104408264
0.00212979316711
0.0073549747467
0.00271821022034
0.00206303596497
0.00212502479553
0.00294518470764
0.00238800048828
0.0079460144043
0.00277090072632
0.0021071434021
0.00678110122681
0.00265598297119
0.00212788581848
0.00596499443054
0.00275301933289
0.00242400169373
0.00788688659668
0.00251698493958
0.0025110244751
0.00698399543762
0.00262999534607
0.00553297996521
0.00705695152283
0.00284886360168
0.00236892700195
0.0046010017395
0.00274991989136
0.0023078918457
0.00508594512939
0.00271821022034
0.00220894813538
0.00520896911621
0.00276207923889
0.002445936203
0.0048348903656
0.00367999076843
0.00273394584656
0.00336599349976
0.00292706489563
0.00273513793945
0.00204396247864
0.00248503684998
0.0028669834137
0.00413799285889
0.00254988670349
0.0027379989624
0.00744199752808
0.00263094902039
0.0029411315918
0.0036461353302
0.00265502929688
0.00252079963684
0.00604891777039
0.00262689590454
0.00285696983337
0.00420379638672
0.00273203849792
0.00274109840393
0.00474500656128
0.00249099731445
0.00231504440308
0.00503277778625
0.00255298614502
0.00267696380615
0.00181412696838
0.00250196456909
0.00739884376526
0.00279188156128
0.00251793861389
0.00291299819946
0.00377893447876
0.00259780883789
0.00279402732849
0.00193905830383
0.00252819061279
0.0082471370697
0.00767207145691
0.00243496894836
0.0099618434906
0.00763297080994
0.00311303138733
0.00307822227478
0.00189208984375
0.00299096107483
0.00522804260254
0.0079231262207
0.00272798538208
0.00931286811829
0.00784683227539
0.00250911712646
0.00304198265076
0.00653290748596
0.00256013870239
0.00270295143127
0.0184559822083
0.00248599052429
0.0106978416443
0.00187993049622
0.0025999546051
0.00664114952087
0.0225670337677
0.00298810005188
0.00293517112732
0.00403809547424
0.00290179252625
0.00285291671753
0.00966286659241
0.00283908843994
0.00922179222107
0.00265002250671
0.00288200378418
0.00494694709778
0.00549006462097
0.00274682044983
0.00317287445068
0.00353598594666
0.00266313552856
0.0027379989624
0.00204801559448
0.00272393226624
0.00272989273071
0.00356817245483
0.0027871131897
0.00283312797546
0.00551414489746
0.0027711391449
0.002681016922
0.0032320022583
0.00265789031982
0.00270986557007
0.00648593902588
0.00262689590454
0.00283122062683
0.00405192375183
0.00263381004333
0.0027928352356
0.00421190261841
0.00257396697998
0.00271010398865
0.0192239284515
0.00257396697998
0.00263118743896
0.0020010471344
0.00239014625549
0.00275707244873
0.0018949508667
0.00301194190979
0.0028350353241
0.00201988220215
0.00246500968933
0.00614309310913
0.00541400909424
0.00257802009583
0.0023238658905
0.00496888160706
0.00244379043579
0.00611901283264
0.00514912605286
0.00238490104675
0.0025908946991
0.00936889648438
0.00277280807495
0.00267696380615
0.00672101974487
0.00251889228821
0.0026969909668
0.00502300262451
0.00247311592102
0.00287318229675
0.00465393066406
0.00260400772095
0.0026171207428
0.00490689277649
0.00247597694397
0.002525806427
0.00505089759827
0.00279092788696
0.00782418251038
0.0052809715271
0.00283908843994
0.00916290283203
0.00806498527527
0.00322604179382
0.00244283676147
0.00602388381958
0.00297498703003
0.00944709777832
0.00208020210266
0.00288987159729
0.00277495384216
0.00585389137268
0.00277590751648
0.00277495384216
0.00442600250244
0.00284600257874
0.00439786911011
0.00226283073425
0.00262784957886
0.00286102294922
0.00493812561035
0.00261211395264
0.0046501159668
0.00517702102661
0.00274920463562
0.00910902023315
0.00779700279236
0.00270390510559
0.00949382781982
0.00334191322327
0.00260090827942
0.00730895996094
0.00653409957886
0.0026228427887
0.0037248134613
0.00559496879578
0.00265693664551
0.00343704223633
0.00529313087463
0.00268697738647
0.00765299797058
0.00631499290466
0.00265789031982
0.00274395942688
0.00602698326111
0.00265789031982
0.0027871131897
0.00678205490112
0.00266194343567
0.00239610671997
0.00498604774475
0.00282406806946
0.00732278823853
0.00818204879761
0.00286197662354
0.00903797149658
0.00442695617676
0.00288510322571
0.00876212120056
0.00485706329346
0.00341415405273
0.00272297859192
0.0230438709259
0.00295090675354
0.00267314910889
0.0242590904236
0.00279307365417
0.00246906280518
0.0044310092926
0.00273489952087
0.00250601768494
0.00518393516541
0.00290703773499
0.00270009040833
0.00465393066406
0.0027768611908
0.00739002227783
0.00758290290833
0.00278687477112
0.00253987312317
0.0063579082489
0.0025691986084
0.00247097015381
0.00247287750244
0.00254082679749
0.00237083435059
0.00190687179565
0.00255393981934
0.00237607955933
0.00392007827759
0.00264000892639
0.00239610671997
0.0023410320282
0.00272917747498
0.00683093070984
0.00186705589294
0.00256109237671
0.00254607200623
0.00372099876404
0.00241589546204
0.0023398399353
0.00369191169739
0.00260519981384
0.004075050354
0.00503492355347
0.00243997573853
0.00235915184021
0.00559091567993
0.00237989425659
0.00235486030579
0.00487089157104
0.00235104560852
0.00229382514954
0.00538897514343
0.00258612632751
0.00240993499756
0.00509405136108
0.00244688987732
0.00226998329163
0.00637412071228
0.00288987159729
0.00276303291321
0.0123550891876
0.00329494476318
0.00277590751648
0.00544619560242
0.00281810760498
0.00564908981323
0.00803017616272
0.00292992591858
0.00279903411865
0.00615096092224
0.00333690643311
0.00268816947937
0.00571393966675
0.00290584564209
0.00732684135437
0.00498795509338
0.00285816192627
0.00647711753845
0.00569796562195
0.00294184684753
0.00290703773499
0.00410103797913
0.00292897224426
0.00740385055542
0.00964498519897
0.00280499458313
0.00761389732361
0.00578093528748
0.00286602973938
0.00919890403748
0.00789284706116
0.00290703773499
0.00321006774902
0.00467681884766
0.00273704528809
0.00372290611267
0.00679302215576
0.00279402732849
0.0077178478241
0.0053379535675
0.0027289390564
0.00529217720032
0.00666904449463
0.0028281211853
0.00258708000183
0.00472116470337
0.00276708602905
0.00619602203369
0.00619006156921
0.0028669834137
0.00923109054565
0.00344705581665
0.00291895866394
0.00664496421814
0.00699901580811
0.00282597541809
0.002690076828
0.0063750743866
0.00282096862793
0.00245594978333
0.00583481788635
0.0027379989624
0.00735712051392
0.0067880153656
0.00333499908447
0.00238490104675
0.00646996498108
0.00291419029236
0.00717496871948
0.00579690933228
0.00284600257874
0.00901007652283
0.00808095932007
0.00282788276672
0.0026261806488
0.00658011436462
0.00279307365417
0.0023250579834
0.00857710838318
0.00334787368774
0.00244522094727
0.0281839370728
0.00298404693604
0.00241088867188
0.0267190933228
0.00277590751648
0.0024528503418
0.00705003738403
0.00282502174377
0.00271916389465
0.00631403923035
0.00287103652954
0.00261998176575
0.0352101325989
0.00357007980347
0.00287580490112
0.00689196586609
0.00309920310974
0.00700998306274
0.00627899169922
0.00292205810547
0.00268006324768
0.00447487831116
0.00287795066833
0.00266003608704
0.00434398651123
0.00279402732849
0.00268220901489
0.0251030921936
0.00370001792908
0.00262188911438
0.00208497047424
0.00261092185974
0.00249099731445
0.00193095207214
0.00250601768494
0.00260591506958
0.006187915802
0.00256490707397
0.00632810592651
0.00350308418274
0.00247883796692
0.0025110244751
0.00188302993774
0.00249004364014
0.00218605995178
0.00234699249268
0.00249195098877
0.00248694419861
0.00186800956726
0.00238704681396
0.00788497924805
0.0084388256073
0.00250005722046
0.00585913658142
0.00740694999695
0.00242686271667
0.0101180076599
0.00303506851196
0.00238990783691
0.00260496139526
0.00567102432251
0.00277495384216
0.00258588790894
0.00453186035156
0.00280094146729
0.00225710868835
0.00403809547424
0.00274300575256
0.00269389152527
0.00543594360352
0.00263905525208
0.00588202476501
0.00776195526123
0.00262093544006
0.00262904167175
0.00674200057983
0.00302004814148
0.00902009010315
0.00795817375183
0.00260305404663
0.0024778842926
0.00684189796448
0.00265216827393
0.00610494613647
0.0073709487915
0.00261378288269
0.00371909141541
0.00850796699524
0.00261998176575
0.00655102729797
0.0197169780731
0.00279498100281
0.00496697425842
0.00487589836121
0.00278282165527
0.00535583496094
0.00752592086792
0.00283193588257
0.00268793106079
0.00346899032593
0.00263500213623
0.00249791145325
0.00578117370605
0.00264310836792
0.00261402130127
0.00661778450012
0.00257706642151
0.00291395187378
0.00526189804077
0.00258779525757
0.0024619102478
0.00496482849121
0.0024790763855
0.00242900848389
0.0142560005188
0.00254702568054
0.0025360584259
0.00581312179565
0.00246596336365
0.00196409225464
0.0085391998291
0.00245308876038
0.00197815895081
0.0197470188141
0.00254416465759
0.00225305557251
0.00695013999939
0.00244307518005
0.00222110748291
0.00189208984375
0.00250601768494
0.00695300102234
0.00171804428101
0.00237894058228
0.00222206115723
0.00173902511597
0.00308895111084
0.00220417976379
0.00225186347961
0.00284695625305
0.00211215019226
0.00481104850769
0.00237512588501
0.0075991153717
0.00833415985107
0.00258898735046
0.002112865448
0.00760102272034
0.00275588035583
0.00219202041626
0.00494599342346
0.00296902656555
0.00265192985535
0.00477004051208
0.00322389602661
0.00306105613708
0.00421190261841
0.00283598899841
0.00669407844543
0.0079619884491
0.00275707244873
0.00934290885925
0.00789284706116
0.00253200531006
0.0023980140686
0.00691795349121
0.00276494026184
0.00761604309082
0.0134739875793
0.00264286994934
0.0104100704193
0.0144629478455
0.00281095504761
0.0541369915009
0.00792813301086
0.00306296348572
0.0024471282959
0.00922703742981
0.00294780731201
0.00630497932434
0.00434398651123
0.00284194946289
0.0026581287384
0.00483298301697
0.0029149055481
0.0025520324707
0.0105741024017
0.00274109840393
0.00507712364197
0.00936007499695
0.00284004211426
0.00931310653687
0.00294017791748
0.00273108482361
0.00543999671936
0.00210785865784
0.00283098220825
0.00268793106079
0.00219106674194
0.0028190612793
0.00264096260071
0.00533604621887
0.00303196907043
0.00262594223022
0.00387001037598
0.00271105766296
0.00688099861145
0.00384998321533
0.00270414352417
0.00393915176392
0.00629901885986
0.00279593467712
0.0092830657959
0.00795912742615
0.00273299217224
0.00942897796631
0.00426506996155
0.00298810005188
0.00388813018799
0.00883889198303
0.0029399394989
0.00917196273804
0.00501894950867
0.0027871131897
0.00831604003906
0.00369906425476
0.00277900695801
0.00750494003296
0.00578022003174
0.00278902053833
0.00930905342102
0.00781297683716
0.0027711391449
0.00936913490295
0.00802111625671
0.00292706489563
0.00405716896057
0.00324511528015
0.00304102897644
0.00669288635254
0.00420999526978
0.00308585166931
0.0027060508728
0.00435018539429
0.00293803215027
0.00717997550964
0.00486707687378
0.00285005569458
0.00836801528931
0.00387382507324
0.00270986557007
0.0074679851532
0.00364708900452
0.00268697738647
0.0025680065155
0.00407409667969
0.00267696380615
0.00578999519348
0.00762891769409
0.00260496139526
0.00857400894165
0.00883507728577
0.00262808799744
0.00233387947083
0.00241184234619
0.00260901451111
0.00227308273315
0.00304102897644
0.0026228427887
0.00227403640747
0.00278997421265
0.00269293785095
0.0022919178009
0.00213503837585
0.00281691551208
0.00229001045227
0.00614786148071
0.00256490707397
0.00226593017578
0.00985097885132
0.00332903862
0.00297999382019
0.00223612785339
0.00262308120728
0.00241494178772
0.00639891624451
0.00262689590454
0.00252509117126
0.010449886322
0.00284886360168
0.00238108634949
0.00223302841187
0.00278306007385
0.00233292579651
0.00212502479553
0.0031590461731
0.00220108032227
0.00765109062195
0.00274300575256
0.00229287147522
0.00722312927246
0.00271892547607
0.00219893455505
0.015340089798
0.00273513793945
0.00231599807739
0.00490498542786
0.00271511077881
0.00220799446106
0.00520300865173
0.00263905525208
0.00264286994934
0.0143427848816
0.00262904167175
0.00208902359009
0.0114161968231
0.00270199775696
0.00214600563049
0.0070960521698
0.0027379989624
0.0022931098938
0.00384283065796
0.00274085998535
0.00227999687195
0.00216102600098
0.00268006324768
0.0021960735321
0.00259399414062
0.00266909599304
0.00211215019226
0.0019519329071
0.00266599655151
0.00209712982178
0.00198602676392
0.00266885757446
0.00208783149719
0.00641584396362
0.00257086753845
0.00209593772888
0.00202107429504
0.00253701210022
0.00197291374207
0.00543785095215
0.00250506401062
0.0020899772644
0.00202703475952
0.00261306762695
0.00204205513
0.00658583641052
0.00258207321167
0.00203585624695
0.00543999671936
0.00250911712646
0.00205302238464
0.00186991691589
0.00262498855591
0.00198602676392
0.00826501846313
0.00296711921692
0.0020489692688
0.00179386138916
0.00256109237671
0.00184988975525
0.00409603118896
0.00240302085876
0.00192213058472
0.008052110672
0.00250887870789
0.0019052028656
0.00187802314758
0.0024561882019
0.00194787979126
0.00276803970337
0.00276112556458
0.00284600257874
0.0045371055603
0.00284719467163
0.00228095054626
0.00224089622498
0.00287508964539
0.00248694419861
0.00227284431458
0.00305390357971
0.00230884552002
0.00841999053955
0.0030460357666
0.00231003761292
0.00218200683594
0.00292110443115
0.0027379989624
0.00462985038757
0.00360584259033
0.00226306915283
0.00228309631348
0.00284099578857
0.0023410320282
0.00213098526001
0.00275993347168
0.00226187705994
0.00547885894775
0.00275492668152
0.00228595733643
0.00264096260071
0.00276303291321
0.00341510772705
0.00224995613098
0.00275301933289
0.00228500366211
0.00214505195618
0.002760887146
0.0021538734436
0.00791597366333
0.00282406806946
0.00215578079224
0.00691199302673
0.0028121471405
0.00217509269714
0.00337815284729
0.00288796424866
0.00219988822937
0.00599193572998
0.00345802307129
0.00215983390808
0.00221300125122
0.00283098220825
0.00205707550049
0.0021390914917
0.00289392471313
0.0020899772644
0.00491094589233
0.00409984588623
0.00209999084473
0.00201606750488
0.0027801990509
0.00216007232666
0.00206017494202
0.00326895713806
0.00230598449707
0.00200796127319
0.00258302688599
0.00213599205017
0.00194311141968
0.00267004966736
0.00228977203369
0.00532388687134
0.00270199775696
0.00222396850586
0.00705289840698
0.00273013114929
0.00223302841187
0.00715088844299
0.00274300575256
0.00269389152527
0.00200891494751
0.00257897377014
0.00216293334961
0.00761890411377
0.00261497497559
0.00224304199219
0.00724291801453
0.00260400772095
0.00219988822937
0.00193500518799
0.00286102294922
0.00196099281311
0.00878095626831
0.00283885002136
0.00203084945679
0.00520706176758
0.00278997421265
0.00208306312561
0.00627088546753
0.00275087356567
0.00201892852783
0.0095489025116
0.00265717506409
0.00200510025024
0.00727605819702
0.00273609161377
0.00233817100525
0.00196003913879
0.00279402732849
0.00219011306763
0.00472116470337
0.00285410881042
0.00233602523804
0.00232815742493
0.00285792350769
0.00215697288513
0.00420808792114
0.00280380249023
0.00219106674194
0.00493001937866
0.00271582603455
0.00214385986328
0.00516200065613
0.00262594223022
0.00218391418457
0.00523495674133
0.00315809249878
0.00297594070435
0.00424003601074
0.00290703773499
0.00235295295715
0.00458407402039
0.00289392471313
0.00239086151123
0.00482392311096
0.00284504890442
0.00220799446106
0.00925588607788
0.0028760433197
0.00217700004578
0.00694799423218
0.00304508209229
0.00265216827393
0.00804209709167
0.00305914878845
0.00207901000977
0.00218391418457
0.00265717506409
0.00201201438904
0.00213694572449
0.00295400619507
0.00217294692993
0.00221586227417
0.00283098220825
0.00207114219666
0.00212502479553
0.00286102294922
0.00234603881836
0.00662612915039
0.00287294387817
0.00197887420654
0.00510501861572
0.0027871131897
0.00210309028625
0.00203800201416
0.0028510093689
0.00226092338562
0.00202488899231
0.00282382965088
0.00225186347961
0.00495481491089
0.00282192230225
0.00228095054626
0.00262904167175
0.00279879570007
0.00280594825745
0.00205016136169
0.00274109840393
0.00226211547852
0.00569415092468
0.00287795066833
0.00208282470703
0.00513601303101
0.00282788276672
0.00218605995178
0.0021550655365
0.0028030872345
0.00216102600098
0.00749897956848
0.00347018241882
0.00210118293762
0.00219297409058
0.002760887146
0.00202822685242
0.00210690498352
0.00283288955688
0.00208783149719
0.00840497016907
0.00287199020386
0.002032995224
0.0429191589355
0.00305414199829
0.00256419181824
0.00657606124878
0.00358986854553
0.00247192382812
0.0022919178009
0.00284004211426
0.00246000289917
0.0261650085449
0.00277590751648
0.00231409072876
0.00213885307312
0.0028510093689
0.0022349357605
0.0043158531189
0.00281095504761
0.00214600563049
0.00639390945435
0.00384593009949
0.00211811065674
0.00301003456116
0.00290393829346
0.00208806991577
0.0101089477539
0.0028760433197
0.00212001800537
0.00676703453064
0.00283217430115
0.00226402282715
0.00497198104858
0.00274991989136
0.00215816497803
0.00527215003967
0.00280904769897
0.00214505195618
0.00266909599304
0.00279021263123
0.00217413902283
0.00214791297913
0.00271201133728
0.00201106071472
0.0191831588745
0.00277400016785
0.0020740032196
0.0022029876709
0.00280380249023
0.00208687782288
0.00218987464905
0.00266289710999
0.00222587585449
0.00240206718445
0.00270581245422
0.00228190422058
0.0024528503418
0.00251793861389
0.00213503837585
0.00195407867432
0.00263500213623
0.00205898284912
0.00879907608032
0.00247406959534
0.00289082527161
0.00211691856384
0.00274991989136
0.00216913223267
0.00787901878357
0.00323009490967
0.00220608711243
0.00665807723999
0.00278210639954
0.0079300403595
0.00509786605835
0.00286793708801
0.00933694839478
0.00800800323486
0.00280499458313
0.00921297073364
0.00522685050964
0.00280785560608
0.00270009040833
0.00388407707214
0.00265502929688
0.0107650756836
0.00483989715576
0.00276589393616
0.00266814231873
0.00467705726624
0.00283598899841
0.00265192985535
0.0045690536499
0.00266098976135
0.00217080116272
0.0125248432159
0.0027379989624
0.00218820571899
0.00209403038025
0.00264406204224
0.00270819664001
0.0248289108276
0.00269198417664
0.00224804878235
0.00722217559814
0.0027379989624
0.00239014625549
0.00192213058472
0.00273895263672
0.00232601165771
0.00797486305237
0.00270199775696
0.00236701965332
0.00364899635315
0.00278902053833
0.00226998329163
0.0101881027222
0.00272703170776
0.00226902961731
0.00470590591431
0.00267291069031
0.00218892097473
0.00240707397461
0.00283479690552
0.00218796730042
0.00229215621948
0.00289607048035
0.00213503837585
0.00421690940857
0.0026330947876
0.0021641254425
0.00945997238159
0.00319385528564
0.00218486785889
0.00206708908081
0.00272607803345
0.00214004516602
0.00765490531921
0.00266814231873
0.00220799446106
0.00214982032776
0.00277996063232
0.00203514099121
0.0040910243988
0.00293016433716
0.0021231174469
0.00724411010742
0.00330209732056
0.00204992294312
0.00568795204163
0.00270819664001
0.00200200080872
0.00818014144897
0.00271105766296
0.00201296806335
0.00567507743835
0.00295686721802
0.00195693969727
0.00514817237854
0.00291705131531
0.00200009346008
0.00213289260864
0.0028247833252
0.00251293182373
0.00219392776489
0.0027871131897
0.0023181438446
0.00784206390381
0.00278806686401
0.00236296653748
0.00683403015137
0.00282096862793
0.00218200683594
0.0058958530426
0.00278282165527
0.00231289863586
0.00511193275452
0.00265002250671
0.00255393981934
0.00458383560181
0.0027220249176
0.00752592086792
0.0066659450531
0.00269389152527
0.00271010398865
0.00669407844543
0.00274419784546
0.00255703926086
0.0305731296539
0.00289392471313
0.0028350353241
0.0064811706543
0.00298404693604
0.00267481803894
0.00687193870544
0.00297904014587
0.00805997848511
0.0100238323212
0.00281405448914
0.00236010551453
0.00488114356995
0.00275206565857
0.0137348175049
0.0280840396881
0.00283813476562
0.0173759460449
0.00413107872009
0.00291991233826
0.00269985198975
0.0148558616638
0.00269603729248
0.00263500213623
0.00538301467896
0.00266003608704
0.00776314735413
0.00573396682739
0.0027961730957
0.00274610519409
0.00630712509155
0.00273513793945
0.00274205207825
0.00441217422485
0.00282502174377
0.00276684761047
0.0123629570007
0.0029149055481
0.00932717323303
0.0318021774292
0.00287294387817
0.00279808044434
0.0053699016571
0.00282502174377
0.00267100334167
0.0115849971771
0.00252389907837
0.00275087356567
0.00672388076782
0.00273680686951
0.00227403640747
0.00204014778137
0.00260996818542
0.00301909446716
0.00723004341125
0.00282406806946
0.00262808799744
0.00395107269287
0.00259304046631
0.00245809555054
0.00534415245056
0.00262308120728
0.00242114067078
0.00431108474731
0.00258493423462
0.00818991661072
0.00803899765015
0.0025908946991
0.00235509872437
0.00706505775452
0.00246000289917
0.00552082061768
0.00352907180786
0.00245404243469
0.00239086151123
0.00521397590637
0.00236988067627
0.00607895851135
0.00582313537598
0.00231122970581
0.00974798202515
0.00309920310974
0.00255608558655
0.00661110877991
0.00799107551575
0.00334501266479
0.00521492958069
0.00541019439697
0.00272417068481
0.00270295143127
0.00457692146301
0.00271320343018
0.00494503974915
0.00899314880371
0.00255513191223
0.00480604171753
0.00607299804688
0.00257301330566
0.00274705886841
0.00420188903809
0.00285196304321
0.00248122215271
0.00459599494934
0.00242805480957
0.00230002403259
0.00586104393005
0.0025680065155
0.00227284431458
0.005530834198
0.00255393981934
0.00257110595703
0.00495004653931
0.00268507003784
0.00719594955444
0.00405597686768
0.00266098976135
0.00305318832397
0.00357294082642
0.00252199172974
0.0023090839386
0.00710678100586
0.00256896018982
0.00962901115417
0.00787901878357
0.00258898735046
0.0185041427612
0.0071120262146
0.00278401374817
0.00906586647034
0.0408987998962
0.00289297103882
0.00290107727051
0.0134410858154
0.0027551651001
0.00273394584656
0.0279998779297
0.00261688232422
0.00283098220825
0.00449776649475
0.00259113311768
0.00242495536804
0.0189380645752
0.00263500213623
0.00579619407654
0.005539894104
0.00273203849792
0.00272989273071
0.00507307052612
0.00264286994934
0.00407099723816
0.00910305976868
0.00258088111877
0.00626802444458
0.00513505935669
0.00269913673401
0.002690076828
0.0125060081482
0.0027060508728
0.00274515151978
0.0266051292419
0.0026261806488
0.00783705711365
0.00924611091614
0.0032160282135
0.00406002998352
0.00928997993469
0.00283598899841
0.00245809555054
0.00233817100525
0.00259900093079
0.00396990776062
0.00315284729004
0.00262689590454
0.00270318984985
0.00898694992065
0.00268888473511
0.00262093544006
0.00672388076782
0.00260901451111
0.0082790851593
0.00912499427795
0.00264692306519
0.00271201133728
0.00552821159363
0.00288200378418
0.00251889228821
0.00329685211182
0.00263595581055
0.00586199760437
0.00796008110046
0.00266194343567
0.00931191444397
0.00457692146301
0.00268721580505
0.00652003288269
0.0061571598053
0.00319910049438
0.00271892547607
0.00747513771057
0.00264191627502
0.00262594223022
0.0045051574707
0.00262904167175
0.0062620639801
0.00790500640869
0.00261902809143
0.0027379989624
0.00662207603455
0.00259804725647
0.0039849281311
0.00489902496338
0.00259280204773
0.00272703170776
0.00317311286926
0.00257992744446
0.00257396697998
0.00519490242004
0.00270819664001
0.00251889228821
0.00607895851135
0.00281095504761
0.00270199775696
0.00464487075806
0.00273203849792
0.00737595558167
0.01819896698
0.00282883644104
0.0027449131012
0.0422267913818
0.00283193588257
0.00254583358765
0.00343298912048
0.00272512435913
0.00270891189575
0.00579309463501
0.00274300575256
0.00264883041382
0.00226998329163
0.00270819664001
0.00287508964539
0.00693011283875
0.00329613685608
0.00257706642151
0.00469899177551
0.00269508361816
0.00250911712646
0.00799703598022
0.00257182121277
0.00266003608704
0.00525903701782
0.0025999546051
0.00261116027832
0.012148141861
0.00257110595703
0.00263595581055
0.00562286376953
0.0025749206543
0.00369501113892
0.00603294372559
0.00258684158325
0.00247097015381
0.00196099281311
0.00251388549805
0.00255298614502
0.00200200080872
0.00238084793091
0.00297284126282
0.00556588172913
0.00267601013184
0.00249910354614
0.00216102600098
0.00269079208374
0.00296998023987
0.00681114196777
0.0026741027832
0.00248312950134
0.00724196434021
0.00247693061829
0.00199294090271
0.00225496292114
0.00257706642151
0.00224900245667
0.00245499610901
0.00250387191772
0.00257396697998
0.00356507301331
0.00258302688599
0.00510883331299
0.00635504722595
0.00251889228821
0.00219702720642
0.00608015060425
0.00252509117126
0.00955891609192
0.00397801399231
0.00239896774292
0.00407385826111
0.00979495048523
0.00233316421509
0.00240612030029
0.00733304023743
0.0029239654541
0.00234007835388
0.00213503837585
0.00320482254028
0.00228190422058
0.00700402259827
0.00273704528809
0.00895881652832
0.00712585449219
0.00276684761047
0.00322890281677
0.00215888023376
0.00265383720398
0.00621104240417
0.00613307952881
0.00261211395264
0.00243806838989
0.00514698028564
0.00331211090088
0.00657391548157
0.00592684745789
0.00271892547607
0.00914192199707
0.00814390182495
0.00276803970337
0.00899982452393
0.00819706916809
0.00274205207825
0.00623416900635
0.00389194488525
0.00283598899841
0.0060441493988
0.00649499893188
0.00276398658752
0.0030779838562
0.00215315818787
0.00262093544006
0.00250291824341
0.00322294235229
0.00274896621704
0.00253510475159
0.00454616546631
0.00282406806946
0.00221490859985
0.00504302978516
0.00258493423462
0.00230383872986
0.014230966568
0.00268912315369
0.00557208061218
0.00268602371216
0.00277996063232
0.00269889831543
0.00502490997314
0.00282120704651
0.00494003295898
0.00411105155945
0.00264120101929
0.00256395339966
0.00959300994873
0.00270104408264
0.00267195701599
0.00690698623657
0.00268912315369
0.00838303565979
0.00632095336914
0.00269412994385
0.00257396697998
0.0485699176788
0.00294589996338
0.00266599655151
0.0348920822144
0.0028829574585
0.00267100334167
0.0104918479919
0.00289988517761
0.00274991989136
0.0337340831757
0.00282597541809
0.00251817703247
0.00790095329285
0.00288605690002
0.00270104408264
0.00566506385803
0.00260615348816
0.00551795959473
0.00789904594421
0.0025839805603
0.00703501701355
0.00497984886169
0.00351500511169
0.00618410110474
0.00777101516724
0.00300097465515
0.00268578529358
0.0353090763092
0.00282502174377
0.0024619102478
0.00658702850342
0.00262308120728
0.00292992591858
0.0133059024811
0.00260996818542
0.00261616706848
0.0349149703979
0.00257706642151
0.00897908210754
0.00569200515747
0.00254797935486
0.00850105285645
0.00790500640869
0.00249218940735
0.00945806503296
0.00800013542175
0.00259613990784
0.00266909599304
0.00425004959106
0.00244283676147
0.00254702568054
0.0451140403748
0.00282096862793
0.00262308120728
0.00215816497803
0.00274205207825
0.00262212753296
0.00711417198181
0.00273513793945
0.00291204452515
0.00661277770996
0.00268292427063
0.00922179222107
0.00583291053772
0.00275087356567
0.0036609172821
0.00781106948853
0.00266695022583
0.00282692909241
0.00625610351562
0.00268507003784
0.00563311576843
0.00814199447632
0.00273084640503
0.00474190711975
0.00635600090027
0.00267601013184
0.00244307518005
0.00385594367981
0.00252890586853
0.00233483314514
0.002681016922
0.00258898735046
0.00502896308899
0.00315117835999
0.0023250579834
0.00220203399658
0.00578784942627
0.0025360584259
0.00963807106018
0.00784611701965
0.00296306610107
0.00262904167175
0.00490808486938
0.00273990631104
0.00229287147522
0.0077269077301
0.00276684761047
0.006267786026
0.00391888618469
0.00266885757446
0.00257897377014
0.00667810440063
0.00273704528809
0.00266599655151
0.00652098655701
0.00306105613708
0.00910496711731
0.00463795661926
0.00265693664551
0.00252079963684
0.00998187065125
0.0037100315094
0.00264501571655
0.00529313087463
0.0027551651001
0.00239300727844
0.0233340263367
0.00289702415466
0.00233101844788
0.0252659320831
0.00269985198975
0.0070538520813
0.00738096237183
0.00259900093079
0.00362586975098
0.00224709510803
0.00257515907288
0.00873517990112
0.00446391105652
0.00251507759094
0.00520300865173
0.00231695175171
0.00258088111877
0.0021710395813
0.00234293937683
0.00281310081482
0.00789999961853
0.00429105758667
0.00265312194824
0.00623297691345
0.00355696678162
0.00243401527405
0.00237488746643
0.00347399711609
0.00249099731445
0.00240111351013
0.0060601234436
0.00242900848389
0.00221586227417
0.00743579864502
0.00243592262268
0.00898480415344
0.00893187522888
0.00250506401062
0.00897693634033
0.00824189186096
0.00241899490356
0.00490498542786
0.00495100021362
0.00268721580505
0.00673699378967
0.00504398345947
0.00260400772095
0.00230383872986
0.00411605834961
0.00239109992981
0.00218915939331
0.00473403930664
0.00303602218628
0.00227499008179
0.00455808639526
0.0025200843811
0.00220608711243
0.00192093849182
0.002445936203
0.00352501869202
0.00747895240784
0.00275588035583
0.00420999526978
0.00961995124817
0.00266289710999
0.00477695465088
0.00627899169922
0.00276803970337
0.00709390640259
0.00673604011536
0.00270819664001
0.00698304176331
0.00381898880005
0.00267291069031
0.00546097755432
0.00447297096252
0.00257802009583
0.0130941867828
0.00806403160095
0.00254487991333
0.00535082817078
0.00583600997925
0.00254392623901
0.00251507759094
0.00523495674133
0.00254702568054
0.00242018699646
0.00505304336548
0.00275087356567
0.00265407562256
0.00456595420837
0.00254702568054
0.00270080566406
0.00383591651917
0.00250697135925
0.00247502326965
0.00583815574646
0.00256395339966
0.00882387161255
0.00204396247864
0.00254797935486
0.00810694694519
0.00624680519104
0.00251197814941
0.00245690345764
0.00519108772278
0.00277996063232
0.00285601615906
0.00438499450684
0.00269603729248
0.00244116783142
0.00219702720642
0.00277805328369
0.00748801231384
0.00419211387634
0.00330495834351
0.00287199020386
0.00288701057434
0.00285005569458
0.00647711753845
0.00526094436646
0.00328302383423
0.00888299942017
0.00764584541321
0.00257086753845
0.00572800636292
0.00652003288269
0.00274705886841
0.00260305404663
0.00496506690979
0.00327587127686
0.00251984596252
0.00417900085449
0.00299310684204
0.00224113464355
0.00949501991272
0.0027539730072
0.00255298614502
0.00493693351746
0.00268507003784
0.00314903259277
0.00362801551819
0.00251913070679
0.002769947052
0.00521802902222
0.00266194343567
0.0100948810577
0.00339388847351
0.00269389152527
0.0025680065155
0.00396490097046
0.00284290313721
0.00232696533203
0.0044949054718
0.00292706489563
0.00249791145325
0.00512790679932
0.00271892547607
0.00237607955933
0.00480103492737
0.00268507003784
0.00271797180176
0.00470876693726
0.00262904167175
0.00248503684998
0.00494003295898
0.00268387794495
0.00218391418457
0.0043888092041
0.00249004364014
0.00214600563049
0.00618720054626
0.00254106521606
0.00229620933533
0.0190539360046
0.00259685516357
0.00626802444458
0.0236930847168
0.00258922576904
0.00218105316162
0.0227770805359
0.00259518623352
0.00273990631104
0.00541687011719
0.00250697135925
0.00250315666199
0.0085141658783
0.00291109085083
0.0025999546051
0.0104248523712
0.00296497344971
0.00909280776978
0.00780200958252
0.00347495079041
0.00259494781494
0.00611686706543
0.00296783447266
0.00919008255005
0.0197620391846
0.00291204452515
0.00261187553406
0.0104568004608
0.00291585922241
0.00264286994934
0.00658082962036
0.00285196304321
0.00913500785828
0.00795602798462
0.0028440952301
0.0094211101532
0.0160892009735
0.00293517112732
0.00889086723328
0.00509405136108
0.0026741027832
0.00258207321167
0.00474405288696
0.00268602371216
0.00259900093079
0.00484395027161
0.00267219543457
0.00233101844788
0.0151121616364
0.00257897377014
0.00291204452515
0.00436687469482
0.00259804725647
0.00593495368958
0.00415682792664
0.00269889831543
0.00920295715332
0.005695104599
0.00278902053833
0.0023729801178
0.00505805015564
0.00286912918091
0.00710892677307
0.00751900672913
0.00265598297119
0.00251293182373
0.0057270526886
0.002681016922
0.00254392623901
0.033665895462
0.00280284881592
0.0101120471954
0.00800395011902
0.0027060508728
0.00252389907837
0.00430798530579
0.00271701812744
0.00242209434509
0.0045120716095
0.00282311439514
0.00239419937134
0.00468802452087
0.00329279899597
0.0020740032196
0.00531601905823
0.00266909599304
0.00234508514404
0.00691795349121
0.00257897377014
0.0133230686188
0.0112400054932
0.00265407562256
0.00236296653748
0.00775289535522
0.00263690948486
0.00839281082153
0.00497698783875
0.00312805175781
0.00890898704529
0.0279791355133
0.0028669834137
0.00612998008728
0.035092830658
0.0028018951416
0.00268983840942
0.0224008560181
0.00279998779297
0.0127689838409
0.0523920059204
0.00291013717651
0.00272297859192
0.00652003288269
0.00407409667969
0.00804710388184
0.00456595420837
0.00280594825745
0.00250482559204
0.00600790977478
0.00281691551208
0.00254917144775
0.0106890201569
0.00327801704407
0.00699710845947
0.00574994087219
0.00282287597656
0.00913000106812
0.00779294967651
0.00282096862793
0.00286507606506
0.00243711471558
0.00278115272522
0.00562906265259
0.00765514373779
0.00262403488159
0.00230002403259
0.00573992729187
0.0028030872345
0.00259017944336
0.0046660900116
0.0028440952301
0.00715112686157
0.00925993919373
0.00272703170776
0.00234913825989
0.0063910484314
0.00269508361816
0.00266599655151
0.00202798843384
0.00280809402466
0.0092191696167
0.00482201576233
0.00268006324768
0.00241684913635
0.00715088844299
0.00266981124878
0.00254607200623
0.00681209564209
0.00277495384216
0.00239896774292
0.00597786903381
0.00321984291077
0.00251603126526
0.00311517715454
0.0027539730072
0.0023410320282
0.0060830116272
0.00289797782898
0.00226211547852
0.00477385520935
0.00268983840942
0.00230097770691
0.00511002540588
0.00272011756897
0.00224614143372
0.00527906417847
0.00318312644958
0.00239205360413
0.00420904159546
0.00266194343567
0.00574803352356
0.00517797470093
0.00263595581055
0.00204110145569
0.00207710266113
0.00268602371216
0.00227117538452
0.0048520565033
0.00253486633301
0.00283002853394
0.00211095809937
0.00270891189575
0.0031909942627
0.00664401054382
0.00261902809143
0.00251197814941
0.00444793701172
0.00255513191223
0.00249218940735
0.00545001029968
0.0026261806488
0.00766801834106
0.00783801078796
0.00238394737244
0.00239586830139
0.00731110572815
0.00231289863586
0.00237321853638
0.00248694419861
0.0025680065155
0.00631999969482
0.00391507148743
0.00263094902039
0.00545477867126
0.00781011581421
0.00260305404663
0.00499200820923
0.00676608085632
0.00266289710999
0.00507593154907
0.00460600852966
0.00262999534607
0.00524711608887
0.00481915473938
0.0026159286499
0.00235486030579
0.00761294364929
0.00817084312439
0.00822496414185
0.00641918182373
0.00941014289856
0.00260186195374
0.00540995597839
0.00790500640869
0.00241303443909
0.0021870136261
0.00255393981934
0.00250005722046
0.00204515457153
0.00304508209229
0.0024721622467
0.00653910636902
0.00249314308167
0.00246787071228
0.00592994689941
0.00921392440796
0.00230193138123
0.00427508354187
0.0026319026947
0.00245714187622
0.00418901443481
0.00549006462097
0.00300908088684
0.0068531036377
0.00876903533936
0.00809407234192
0.0031578540802
0.00880193710327
0.0079140663147
0.00339984893799
0.00298285484314
0.00558710098267
0.00805115699768
0.00357604026794
0.00843596458435
0.00786900520325
0.00379800796509
0.00371909141541
0.00632500648499
0.0059769153595
0.00454521179199
0.00769901275635
0.00813317298889
0.00397515296936
0.00796508789062
0.00812602043152
0.00371193885803
0.00820994377136
0.0027928352356
0.00932693481445
0.00538802146912
0.00266003608704
0.00783705711365
0.00407218933105
0.00261807441711
0.0080771446228
0.00493001937866
0.0025851726532
0.00979995727539
0.00765419006348
0.00260090827942
0.00564002990723
0.00624299049377
0.00271487236023
0.00710415840149
0.00517702102661
0.00270390510559
0.00814580917358
0.00442790985107
0.00260996818542
0.00347805023193
0.00394487380981
0.00260281562805
0.00249290466309
0.00493884086609
0.00284886360168
0.00244402885437
0.00493907928467
0.00267314910889
0.00243997573853
0.00779700279236
0.0025520324707
0.00419092178345
0.00514507293701
0.00267004966736
0.00557708740234
0.00686097145081
0.00326299667358
0.00216221809387
0.00468993186951
0.00308609008789
0.00224208831787
0.0096971988678
0.00282502174377
0.00233221054077
0.00318312644958
0.00289297103882
0.00217199325562
0.0107600688934
0.00292301177979
0.00230383872986
0.0105309486389
0.00425004959106
0.00230979919434
0.00213503837585
0.00271916389465
0.00236010551453
0.0101518630981
0.00279903411865
0.00228977203369
0.00206995010376
0.00274014472961
0.00227117538452
0.0078399181366
0.00263500213623
0.00222516059875
0.00223708152771
0.00268316268921
0.00261902809143
0.00999617576599
0.00271010398865
0.00214886665344
0.0089750289917
0.00248599052429
0.00220894813538
0.0190620422363
0.00258994102478
0.00225687026978
0.00463891029358
0.0027379989624
0.00217509269714
0.0176911354065
0.00319814682007
0.00531411170959
0.00745606422424
0.00283312797546
0.00934600830078
0.00772500038147
0.00295495986938
0.00912690162659
0.00794005393982
0.00293111801147
0.00915908813477
0.00591611862183
0.00318503379822
0.00242018699646
0.00840306282043
0.00278401374817
0.00266313552856
0.0229079723358
0.00283193588257
0.00232982635498
0.00657105445862
0.00273513793945
0.00227904319763
0.00211000442505
0.00271987915039
0.00216698646545
0.00532603263855
0.00264620780945
0.00220489501953
0.00968098640442
0.00283908843994
0.002277135849
0.00213313102722
0.00324892997742
0.00226402282715
0.00212216377258
0.00277709960938
0.00229406356812
0.0080840587616
0.00287508964539
0.00233292579651
0.00672602653503
0.00278186798096
0.00231099128723
0.0107510089874
0.0026969909668
0.00214004516602
0.00479197502136
0.00270104408264
0.00265407562256
0.00512599945068
0.00273299217224
0.00209808349609
0.00719380378723
0.00265908241272
0.00203609466553
0.00220417976379
0.00274515151978
0.00197196006775
0.00511789321899
0.00282788276672
0.00202298164368
0.00637483596802
0.00281500816345
0.00247406959534
0.00502896308899
0.00279808044434
0.00196599960327
0.0089418888092
0.00272297859192
0.00195598602295
0.00216197967529
0.00269293785095
0.00190401077271
0.0041971206665
0.00286316871643
0.00188899040222
0.00731921195984
0.00257897377014
0.00200819969177
0.00806188583374
0.00267505645752
0.00188994407654
0.00202393531799
0.00275611877441
0.00180196762085
0.00840282440186
0.0027060508728
0.00265598297119
0.00678300857544
0.0028989315033
0.00216889381409
0.00203204154968
0.0025269985199
0.00210618972778
0.0120370388031
0.0031840801239
0.00212287902832
0.00687599182129
0.00268411636353
0.00211095809937
0.00386500358582
0.00268197059631
0.0020968914032
0.0065381526947
0.00269293785095
0.0020649433136
0.00718784332275
0.0028178691864
0.00191593170166
0.00777101516724
0.0031430721283
0.00190091133118
0.00385689735413
0.00269794464111
0.00184011459351
0.00590920448303
0.00264286994934
0.00195407867432
0.0064640045166
0.00262093544006
0.00185012817383
0.0345931053162
0.0027859210968
0.00244212150574
0.00619792938232
0.00373101234436
0.00237011909485
0.00838708877563
0.0026741027832
0.0022919178009
0.00710678100586
0.00269389152527
0.00209999084473
0.00209498405457
0.00276207923889
0.00206995010376
0.00818490982056
0.00269985198975
0.00199198722839
0.00212907791138
0.00256299972534
0.00191593170166
0.00845789909363
0.00267100334167
0.00213885307312
0.0062460899353
0.00265693664551
0.00195407867432
0.0082950592041
0.00254702568054
0.00204992294312
0.00194120407104
0.0026068687439
0.00201487541199
0.0019359588623
0.00265097618103
0.0019838809967
0.00251889228821
0.00265598297119
0.00207304954529
0.00517082214355
0.00265693664551
0.00199890136719
0.0132341384888
0.00262093544006
0.00191497802734
0.00186800956726
0.00264310836792
0.00196599960327
0.00891590118408
0.00266599655151
0.00190997123718
0.00191593170166
0.0028281211853
0.00211215019226
0.00750708580017
0.00252103805542
0.00223898887634
0.0444071292877
0.00294399261475
0.00241994857788
0.00222301483154
0.00296401977539
0.00226807594299
0.012001991272
0.00297093391418
0.00220584869385
0.00496387481689
0.00278282165527
0.00261402130127
0.00448107719421
0.00294017791748
0.00225400924683
0.00495314598083
0.00265502929688
0.00237488746643
0.00483179092407
0.00257587432861
0.00223088264465
0.0052170753479
0.00269103050232
0.00224900245667
0.00505495071411
0.002681016922
0.00268602371216
0.00474405288696
0.00261902809143
0.00213503837585
0.00622606277466
0.00294089317322
0.0023717880249
0.00403714179993
0.00276207923889
0.00223994255066
0.00481295585632
0.00258302688599
0.00229001045227
0.00192403793335
0.00250291824341
0.00225901603699
0.00744318962097
0.00260591506958
0.00235390663147
0.00426292419434
0.00255298614502
0.00213408470154
0.00442409515381
0.00258588790894
0.00211000442505
0.00186991691589
0.00235605239868
0.0022451877594
0.00187087059021
0.00252103805542
0.00215315818787
0.00519013404846
0.00308609008789
0.00216007232666
0.00177597999573
0.00262904167175
0.00215005874634
0.00465393066406
0.0025749206543
0.00203108787537
0.00875806808472
0.00244784355164
0.00205111503601
0.00580501556396
0.00254797935486
0.00217413902283
0.00434803962708
0.00315499305725
0.002032995224
0.00518417358398
0.00268507003784
0.00214409828186
0.00603103637695
0.00290608406067
0.00216197967529
0.00237607955933
0.00271606445312
0.00218605995178
0.00407600402832
0.0028600692749
0.0023729801178
0.00641417503357
0.00602912902832
0.00261688232422
0.00268507003784
0.00291395187378
0.00225400924683
0.00574994087219
0.00292897224426
0.00215196609497
0.00489902496338
0.00295209884644
0.00222897529602
0.00232791900635
0.00285387039185
0.00213694572449
0.00226593017578
0.00283217430115
0.00208592414856
0.00789594650269
0.00283098220825
0.00205016136169
0.00227904319763
0.00301504135132
0.00211501121521
0.00221610069275
0.00302195549011
0.0021960735321
0.0021059513092
0.00279784202576
0.00212287902832
0.00216794013977
0.00267696380615
0.00205206871033
0.00253701210022
0.00271606445312
0.00205183029175
0.00713896751404
0.00272297859192
0.00213694572449
0.00463700294495
0.00271201133728
0.00194096565247
0.00573492050171
0.00264191627502
0.00201106071472
0.00201487541199
0.0025908946991
0.00194692611694
0.00458884239197
0.00267505645752
0.00196099281311
0.00441980361938
0.00249195098877
0.00195407867432
0.00188422203064
0.00240087509155
0.00191903114319
0.00348091125488
0.00244903564453
0.0018470287323
0.00482201576233
0.00247097015381
0.00190687179565
0.0073938369751
0.00289392471313
0.00198411941528
0.00727915763855
0.00270009040833
0.00224804878235
0.00698018074036
0.00266790390015
0.0022280216217
0.00637197494507
0.00272989273071
0.00206398963928
0.00424599647522
0.00271391868591
0.00207710266113
0.00201010704041
0.00256013870239
0.00249099731445
0.00198984146118
0.00266981124878
0.00215291976929
0.00200200080872
0.00254607200623
0.00241494178772
0.00531697273254
0.00266599655151
0.00190091133118
0.00194907188416
0.0025269985199
0.00748300552368
0.00361609458923
0.0026330947876
0.00747013092041
0.00633811950684
0.00253319740295
0.00365090370178
0.00564002990723
0.00245809555054
0.0041401386261
0.0037829875946
0.00280094146729
0.00235295295715
0.00377202033997
0.00289106369019
0.00270104408264
0.0030460357666
0.00295996665955
0.00222110748291
0.00775480270386
0.00286102294922
0.00865697860718
0.00333595275879
0.00265002250671
0.00217390060425
0.00209808349609
0.00266718864441
0.00223803520203
0.00488114356995
0.00265598297119
0.00213980674744
0.00301504135132
0.00257706642151
0.00206398963928
0.00728583335876
0.00307488441467
0.00206089019775
0.00519394874573
0.00253176689148
0.00190591812134
0.00470590591431
0.0028829574585
0.00204706192017
0.00637102127075
0.00280594825745
0.00208902359009
0.00481295585632
0.00242519378662
0.00196099281311
0.00211000442505
0.00276613235474
0.00283908843994
0.00214409828186
0.00283908843994
0.00211811065674
0.00372695922852
0.00267481803894
0.00301384925842
0.010803937912
0.00287699699402
0.00215697288513
0.00595998764038
0.00283002853394
0.0020580291748
0.0052318572998
0.00276589393616
0.00255084037781
0.00836682319641
0.0027768611908
0.00205588340759
0.0282549858093
0.00269603729248
0.00217604637146
0.00871992111206
0.00281500816345
0.00227093696594
0.00222587585449
0.00286388397217
0.00232791900635
0.00202894210815
0.00266814231873
0.0022349357605
0.0110700130463
0.00278115272522
0.00218296051025
0.00476408004761
0.00284218788147
0.00210309028625
0.00513792037964
0.00279188156128
0.00214099884033
0.00209188461304
0.00282287597656
0.00224781036377
0.00197100639343
0.00263404846191
0.00227403640747
0.00522017478943
0.00327110290527
0.00220799446106
0.00457906723022
0.00276207923889
0.00211501121521
0.00894618034363
0.00266098976135
0.00209999084473
0.00191593170166
0.00270295143127
0.00197911262512
0.0088210105896
0.0028281211853
0.00202393531799
0.00197792053223
0.0031418800354
0.00203323364258
0.00343203544617
0.00257396697998
0.0020809173584
0.00760793685913
0.00264620780945
0.00197100639343
0.0075888633728
0.00259685516357
0.0020170211792
0.00721001625061
0.00265693664551
0.00223708152771
0.00365114212036
0.00348615646362
0.00206303596497
0.00214815139771
0.00287389755249
0.00207591056824
0.00707101821899
0.00281095504761
0.00219488143921
0.00532007217407
0.00283598899841
0.00214195251465
0.00453901290894
0.00286412239075
0.00208806991577
0.00716304779053
0.00402402877808
0.00653409957886
0.00548505783081
0.00286412239075
0.00202608108521
0.00734305381775
0.00291800498962
0.00266408920288
0.00702810287476
0.00289392471313
0.00268006324768
0.0044379234314
0.00287389755249
0.00734090805054
0.00682497024536
0.00286197662354
0.0075740814209
0.0095419883728
0.00299692153931
0.00260210037231
0.00362586975098
0.00282192230225
0.00591707229614
0.0339159965515
0.0028510093689
0.00263118743896
0.00619888305664
0.00276207923889
0.00566005706787
0.00535416603088
0.0029079914093
0.00216102600098
0.00607013702393
0.00289511680603
0.00227904319763
0.00214004516602
0.00269985198975
0.00226187705994
0.00209093093872
0.00261998176575
0.00217795372009
0.00344896316528
0.00275897979736
0.00220584869385
0.00211596488953
0.0026330947876
0.00215196609497
0.00878596305847
0.0029079914093
0.00213408470154
0.00217199325562
0.00253987312317
0.00205397605896
0.0081160068512
0.00246119499207
0.00206708908081
0.00194406509399
0.00251913070679
0.00207591056824
0.00488591194153
0.00244092941284
0.0020649433136
0.00181889533997
0.00240278244019
0.00282192230225
0.00411605834961
0.00236701965332
0.0026421546936
0.00463795661926
0.0699470043182
0.00916600227356
0.0120170116425
0.00257897377014
0.00257706642151
0.00407600402832
0.00261902809143
0.0024402141571
0.0054669380188
0.00245881080627
0.00294995307922
0.0052797794342
0.00238990783691
0.00231695175171
0.00464010238647
0.00227808952332
0.00865411758423
0.00906610488892
0.00251412391663
0.00237703323364
0.00428700447083
0.00270891189575
0.00226497650146
0.00532484054565
0.00255489349365
0.00258088111877
0.00705790519714
0.00250101089478
0.00261402130127
0.00325202941895
0.00240302085876
0.00232100486755
0.00466704368591
0.00245499610901
0.00223517417908
0.00566506385803
0.0024139881134
0.00232315063477
0.00664591789246
0.00245785713196
0.00766587257385
0.00638580322266
0.0031099319458
0.00325918197632
0.00585603713989
0.00295090675354
0.00887322425842
0.0082859992981
0.00303912162781
0.00249814987183
0.00616693496704
0.00281286239624
0.00246691703796
0.0044219493866
0.00264501571655
0.00243782997131
0.0045108795166
0.00332093238831
0.0076379776001
0.00593113899231
0.00290298461914
0.00911116600037
0.00795602798462
0.0027859210968
0.00884985923767
0.00830388069153
0.00272583961487
0.009281873703
0.00798201560974
0.00278401374817
0.00487399101257
0.00416588783264
0.00268507003784
0.00379395484924
0.00369095802307
0.00290179252625
0.00249791145325
0.00731492042542
0.00271415710449
0.0021870136261
0.00515699386597
0.00289487838745
0.00237584114075
0.00431203842163
0.00270795822144
0.00246906280518
0.00409507751465
0.0026171207428
0.00246691703796
0.00602197647095
0.00258493423462
0.00263500213623
0.00481820106506
0.00259304046631
0.00261902809143
0.00474500656128
0.00256204605103
0.00256013870239
0.0050048828125
0.00247001647949
0.0025429725647
0.0050220489502
0.00251007080078
0.00257897377014
0.00518393516541
0.00256681442261
0.00259399414062
0.00453805923462
0.00250601768494
0.00251197814941
0.00456094741821
0.00243997573853
0.00258183479309
0.00551104545593
0.00245904922485
0.00251913070679
0.00514006614685
0.00233817100525
0.00246214866638
0.00265789031982
0.00244402885437
0.00271987915039
0.00593209266663
0.00263214111328
0.00574207305908
0.0098729133606
0.00279188156128
0.00281000137329
0.00453686714172
0.00301599502563
0.00261092185974
0.00428700447083
0.00302290916443
0.00707983970642
0.00367903709412
0.00277495384216
0.00301885604858
0.00424790382385
0.00276803970337
0.00264692306519
0.00440907478333
0.00280117988586
0.00540208816528
0.0120820999146
0.00299191474915
0.00382995605469
0.00217390060425
0.00315999984741
0.00255489349365
0.0153810977936
0.00309896469116
0.00308203697205
0.0022509098053
0.00294494628906
0.00884103775024
0.0057520866394
0.00313496589661
0.00257802009583
0.0045120716095
0.003014087677
0.00656318664551
0.00450611114502
0.00284481048584
0.00544714927673
0.00737714767456
0.00308609008789
0.00884485244751
0.00669717788696
0.00302505493164
0.00289607048035
0.00733208656311
0.00288105010986
0.00240707397461
0.00466394424438
0.00288200378418
0.00991296768188
0.00898504257202
0.00289702415466
0.0022668838501
0.00583004951477
0.0030038356781
0.00629806518555
0.00775790214539
0.00346088409424
0.00877690315247
0.00395607948303
0.00291395187378
0.00909090042114
0.00498294830322
0.0028829574585
0.00267386436462
0.00225710868835
0.00284504890442
0.00454902648926
0.00214695930481
0.00306916236877
0.00529718399048
0.00465202331543
0.00346493721008
0.00294399261475
0.00983095169067
0.00291085243225
0.00954794883728
0.00771808624268
0.00289607048035
0.00948786735535
0.0076060295105
0.00298094749451
0.00543785095215
0.0055091381073
0.00287008285522
0.00298094749451
0.00445103645325
0.00299000740051
0.0128650665283
0.00316190719604
0.00293684005737
0.0100691318512
0.00786399841309
0.0030689239502
0.0089099407196
0.00339508056641
0.00311899185181
0.00714898109436
0.00631499290466
0.00304698944092
0.00253987312317
0.00626707077026
0.00297713279724
0.00272393226624
0.00417113304138
0.00298595428467
0.00282597541809
0.00612211227417
0.00287699699402
0.00266408920288
0.00439310073853
0.00287485122681
0.00276589393616
0.00425410270691
0.00279712677002
0.00286793708801
0.00443887710571
0.00275301933289
0.00761413574219
0.0060760974884
0.00285792350769
0.00724816322327
0.00942206382751
0.00268602371216
0.0096800327301
0.0194909572601
0.00281405448914
0.00289106369019
0.00587391853333
0.00272297859192
0.00297594070435
0.00525784492493
0.00293612480164
0.00284314155579
0.00400900840759
0.00345802307129
0.00722193717957
0.00522208213806
0.00302886962891
0.00527811050415
0.0164430141449
0.00313210487366
0.00292015075684
0.00386095046997
0.00290012359619
0.00466799736023
0.0180430412292
0.00294899940491
0.00252985954285
0.00618600845337
0.00279784202576
0.0036039352417
0.00562405586243
0.00285196304321
0.00287294387817
0.00230693817139
0.00284004211426
0.00927805900574
0.006422996521
0.0029091835022
0.00660395622253
0.00227808952332
0.00295686721802
0.00260901451111
0.00721502304077
0.00294303894043
0.00508689880371
0.00882911682129
0.00283217430115
0.00296115875244
0.00582695007324
0.00285816192627
0.00248217582703
0.00432419776917
0.0026261806488
0.00297999382019
0.00650596618652
0.0027060508728
0.00286197662354
0.00446105003357
0.00262904167175
0.00723600387573
0.00221514701843
0.00286412239075
0.00295400619507
0.00653719902039
0.00256299972534
0.00263905525208
0.00676488876343
0.00274085998535
0.00577616691589
0.00545501708984
0.0029079914093
0.00289487838745
0.00419402122498
0.00281000137329
0.00262904167175
0.00528383255005
0.00285291671753
0.00658202171326
0.00802993774414
0.00282096862793
0.0028350353241
0.00620818138123
0.00280904769897
0.00742197036743
0.00472903251648
0.00281405448914
0.00240588188171
0.00786113739014
0.00291204452515
0.00264310836792
0.00237202644348
0.00327610969543
0.00287818908691
0.00230503082275
0.00277495384216
0.00349092483521
0.0023398399353
0.00272512435913
0.00273108482361
0.00536799430847
0.00271010398865
0.0032160282135
0.00630903244019
0.00288605690002
0.00903415679932
0.00796508789062
0.00283408164978
0.00920414924622
0.00626707077026
0.00287103652954
0.00670790672302
0.00691986083984
0.00282096862793
0.00271987915039
0.00460815429688
0.00273513793945
0.00264978408813
0.00444412231445
0.00290179252625
0.00651001930237
0.00464296340942
0.00298404693604
0.00327706336975
0.00357389450073
0.00281500816345
0.00663590431213
0.00684905052185
0.00289583206177
0.00296401977539
0.00417184829712
0.00280904769897
0.00278806686401
0.00463485717773
0.00285696983337
0.00736308097839
0.00644016265869
0.00288605690002
0.00289392471313
0.00653004646301
0.00271511077881
0.00259685516357
0.00578498840332
0.00278210639954
0.00589203834534
0.0046489238739
0.00282096862793
0.00267386436462
0.0096869468689
0.00281596183777
0.0028088092804
0.0102210044861
0.00264501571655
0.00278496742249
0.0066921710968
0.00328302383423
0.00881695747375
0.0078489780426
0.0028657913208
0.00295615196228
0.0140991210938
0.00295400619507
0.00271105766296
0.0064709186554
0.00299310684204
0.00905108451843
0.00797295570374
0.00289487838745
0.00921106338501
0.00807309150696
0.00340485572815
0.00276613235474
0.0136849880219
0.00295495986938
0.00275993347168
0.0258951187134
0.00284385681152
0.00288796424866
0.0097348690033
0.0029149055481
0.00316691398621
0.0748059749603
0.00299501419067
0.0027060508728
0.00481414794922
0.00313401222229
0.0031909942627
0.00257205963135
0.00298118591309
0.00951600074768
0.00793409347534
0.0030357837677
0.00908517837524
0.0077600479126
0.00282907485962
0.00926303863525
0.0122520923615
0.00301909446716
0.00277900695801
0.0156471729279
0.00300693511963
0.0025749206543
0.00452208518982
0.00301909446716
0.00714588165283
0.0258340835571
0.00301909446716
0.0027220249176
0.00654602050781
0.00301313400269
0.00278687477112
0.00598096847534
0.00296187400818
0.00717115402222
0.00581312179565
0.00287985801697
0.00923800468445
0.0119609832764
0.00291705131531
0.00735807418823
0.00567889213562
0.00282788276672
0.00518989562988
0.0157611370087
0.00282907485962
0.00786709785461
0.00534510612488
0.00277304649353
0.00245904922485
0.00698900222778
0.00293612480164
0.00256204605103
0.00681304931641
0.00276398658752
0.00257015228271
0.00487518310547
0.00286102294922
0.0065770149231
0.00385093688965
0.00281190872192
0.00228309631348
0.00683879852295
0.002681016922
0.00943613052368
0.00806212425232
0.00286507606506
0.00905799865723
0.00919604301453
0.00271821022034
0.00813603401184
0.00790309906006
0.00307297706604
0.00898504257202
0.00794219970703
0.0029079914093
0.00232887268066
0.00332593917847
0.00265097618103
0.00237584114075
0.0067138671875
0.00281882286072
0.00233602523804
0.0065701007843
0.00284385681152
0.00282883644104
0.00642991065979
0.00295090675354
0.00217890739441
0.00219106674194
0.00278997421265
0.00209379196167
0.00762391090393
0.00277900695801
0.00220203399658
0.00214695930481
0.00270700454712
0.00205206871033
0.00803399085999
0.00283002853394
0.00251197814941
0.00214695930481
0.00274395942688
0.00196599960327
0.0236799716949
0.00283193588257
0.00203013420105
0.00743699073792
0.00275993347168
0.00224304199219
0.00699901580811
0.00277709960938
0.00204801559448
0.00194311141968
0.00273299217224
0.00208187103271
0.00866413116455
0.00261306762695
0.00203609466553
0.00365805625916
0.00257015228271
0.00203800201416
0.00206017494202
0.00262308120728
0.00195693969727
0.00206589698792
0.00261998176575
0.00203418731689
0.00901389122009
0.00270295143127
0.00210285186768
0.00453495979309
0.00313806533813
0.00237393379211
0.00213313102722
0.00256705284119
0.00223302841187
0.00207805633545
0.00256109237671
0.0022931098938
0.00737619400024
0.0025839805603
0.00223422050476
0.0019428730011
0.00260305404663
0.00218892097473
0.00274300575256
0.00334000587463
0.00239205360413
0.00204706192017
0.0027060508728
0.00239396095276
0.00339508056641
0.00264596939087
0.00233006477356
0.00533699989319
0.00272679328918
0.00232601165771
0.00205302238464
0.00260090827942
0.00232100486755
0.00721597671509
0.00261497497559
0.00288796424866
0.00205302238464
0.00276207923889
0.00226902961731
0.00716090202332
0.00274896621704
0.00221705436707
0.00203990936279
0.00275611877441
0.00217294692993
0.00830483436584
0.00284099578857
0.0023021697998
0.00214505195618
0.00283598899841
0.00206780433655
0.00272703170776
0.00506114959717
0.00277709960938
0.00526809692383
0.00280690193176
0.00221300125122
0.00215983390808
0.00258708000183
0.00216507911682
0.00316500663757
0.00273299217224
0.00198006629944
0.00310111045837
0.00263500213623
0.00206995010376
0.00270104408264
0.00271201133728
0.00199007987976
0.0023500919342
0.00276017189026
0.00213289260864
0.00318503379822
0.00274109840393
0.00201487541199
0.00943684577942
0.00260090827942
0.00204801559448
0.00752902030945
0.00259900093079
0.00211095809937
0.00201511383057
0.00318312644958
0.00230002403259
0.00779104232788
0.00282883644104
0.00232100486755
0.00215792655945
0.00263404846191
0.0023980140686
0.00772500038147
0.00278401374817
0.00237917900085
0.00213193893433
0.0028018951416
0.00226306915283
0.0021390914917
0.00283312797546
0.00280404090881
0.0102281570435
0.00275993347168
0.00223803520203
0.00209498405457
0.00273394584656
0.00220918655396
0.00548601150513
0.00266003608704
0.00230383872986
0.00700187683105
0.00302505493164
0.00244903564453
0.00206398963928
0.00269389152527
0.00282096862793
0.00207185745239
0.00265693664551
0.00219488143921
0.00796413421631
0.0026330947876
0.00231695175171
0.00712704658508
0.00275802612305
0.00228500366211
0.00216507911682
0.00258898735046
0.00219917297363
0.00376105308533
0.00272297859192
0.00333094596863
0.00554013252258
0.00268006324768
0.00221014022827
0.00551199913025
0.0025589466095
0.00221014022827
0.00543999671936
0.00270509719849
0.00233101844788
0.00390601158142
0.0027129650116
0.0024561882019
0.00579404830933
0.00271797180176
0.00234699249268
0.0037829875946
0.00338912010193
0.00226497650146
0.00543808937073
0.00267910957336
0.00223994255066
0.00694608688354
0.00254106521606
0.00218510627747
0.00205302238464
0.00257897377014
0.00207710266113
0.00868201255798
0.00272393226624
0.00216484069824
0.0228450298309
0.00300312042236
0.00215101242065
0.00676989555359
0.00249004364014
0.00212693214417
0.00189399719238
0.00254487991333
0.002112865448
0.00919890403748
0.00280690193176
0.00236988067627
0.00252294540405
0.00253105163574
0.00218915939331
0.00371098518372
0.00260090827942
0.00258779525757
0.00205111503601
0.00258493423462
0.00215601921082
0.00201916694641
0.00241804122925
0.00208520889282
0.00512790679932
0.00245690345764
0.00207209587097
0.0020318031311
0.0026490688324
0.00199890136719
0.00251293182373
0.00238513946533
0.00199699401855
0.0025749206543
0.00245499610901
0.00209093093872
0.00176119804382
0.00242114067078
0.00195407867432
0.00847196578979
0.00231289863586
0.00192189216614
0.00768494606018
0.00230598449707
0.00189805030823
0.00176596641541
0.00233793258667
0.00196886062622
0.00618290901184
0.00225496292114
0.00199007987976
0.011283159256
0.00226497650146
0.00199198722839
0.00492191314697
0.00276398658752
0.00236916542053
0.00483298301697
0.00282502174377
0.0023238658905
0.00449895858765
0.00246691703796
0.00226998329163
0.00210690498352
0.0029890537262
0.00224113464355
0.00733304023743
0.0025680065155
0.00224089622498
0.00232887268066
0.00256896018982
0.00214099884033
0.00845384597778
0.00282406806946
0.00216794013977
0.00206184387207
0.00271487236023
0.00226283073425
0.00213193893433
0.00272703170776
0.00267696380615
0.00297713279724
0.00255012512207
0.00214815139771
0.00206708908081
0.0025110244751
0.00213408470154
0.00570106506348
0.00267505645752
0.00214004516602
0.00721001625061
0.00261998176575
0.00234603881836
0.00614619255066
0.00272488594055
0.00272011756897
0.00450801849365
0.00280714035034
0.00209712982178
0.00209808349609
0.00277709960938
0.00219011306763
0.00705909729004
0.00277304649353
0.00213718414307
0.0021390914917
