0.00493812561035
0.00458693504333
0.0451710224152
0.00449299812317
0.00473284721375
0.0748341083527
0.00467085838318
0.00484895706177
0.0387179851532
0.0046169757843
0.0045599937439
0.0472030639648
0.00478601455688
0.00489902496338
0.00312089920044
0.00476288795471
0.00421595573425
0.0498051643372
0.00463795661926
0.00509691238403
0.00293493270874
0.00593400001526
0.00485301017761
0.0027711391449
0.00517106056213
0.00467395782471
0.00234413146973
0.00446701049805
0.00492000579834
0.00618314743042
0.00416898727417
0.00423502922058
0.00448799133301
0.00414299964905
0.00428104400635
0.00280117988586
0.00423407554626
0.00389695167542
0.00285005569458
0.00412511825562
0.00385093688965
0.00509905815125
0.00485897064209
0.00452494621277
0.00809502601624
0.00426602363586
0.00458598136902
0.00713801383972
0.00418591499329
0.00430107116699
0.0273699760437
0.0047070980072
0.0041971206665
0.183500051498
0.00479102134705
0.00485610961914
0.00253701210022
0.00532603263855
0.00460314750671
0.00251603126526
0.00475406646729
0.00482892990112
0.00244188308716
0.00491094589233
0.00501298904419
0.0022931098938
0.00481200218201
0.00455689430237
0.00227999687195
0.00417804718018
0.00475406646729
0.00358915328979
0.00433301925659
0.0045428276062
0.00235509872437
0.00398302078247
0.00452303886414
0.00227379798889
0.00413703918457
0.00404095649719
0.00231790542603
0.00437188148499
0.00397896766663
0.00223612785339
0.00408005714417
0.00351309776306
0.00214290618896
0.00446820259094
0.00395607948303
0.00239181518555
0.00405597686768
0.0038149356842
0.00229787826538
0.00474500656128
0.00402903556824
0.00241780281067
0.00385093688965
0.00402593612671
0.00241208076477
0.00380897521973
0.00401997566223
0.00244808197021
0.00393605232239
0.00368690490723
0.00248503684998
0.00388288497925
0.00369000434875
0.00263905525208
0.00391912460327
0.00377893447876
0.00265097618103
0.00376510620117
0.00388407707214
0.00252103805542
0.00418210029602
0.00367403030396
0.00240111351013
0.00376296043396
0.004075050354
0.00259804725647
0.00429582595825
0.00500798225403
0.00255417823792
0.00427389144897
0.0042359828949
0.00283408164978
0.00438404083252
0.0039439201355
0.00247597694397
0.00377202033997
0.00374317169189
0.00236296653748
0.10122013092
0.00450611114502
0.00320911407471
0.00413513183594
0.00368595123291
0.00293302536011
0.00429606437683
0.00363111495972
0.00235319137573
0.00344204902649
0.00357913970947
0.0024721622467
0.00393390655518
0.00371599197388
0.00228810310364
0.00373291969299
0.00347399711609
0.00285291671753
0.00373792648315
0.00361204147339
0.00244402885437
0.00433611869812
0.00389313697815
0.00229215621948
0.00364398956299
0.00358390808105
0.00222492218018
0.00395512580872
0.00364899635315
0.00221490859985
0.00378394126892
0.00345015525818
0.00224614143372
0.00408601760864
0.00348997116089
0.00223994255066
0.00352621078491
0.00344896316528
0.00226998329163
0.00341701507568
0.00403594970703
0.00206613540649
0.00325202941895
0.00322604179382
0.00221490859985
0.00357389450073
0.00380206108093
0.00221419334412
0.00426602363586
0.00347900390625
0.0021870136261
0.0030779838562
0.00299715995789
0.00214099884033
0.00295996665955
0.00294804573059
0.0020809173584
0.0030951499939
0.00313210487366
0.00207901000977
0.00299119949341
0.00283408164978
0.00202202796936
0.00295901298523
0.00360703468323
0.00230503082275
0.00303101539612
0.00299000740051
0.00242590904236
0.00320196151733
0.00320911407471
0.00235509872437
0.00350093841553
0.00335001945496
0.00235199928284
0.00346088409424
0.00331711769104
0.00234508514404
0.00337100028992
0.00364089012146
0.00247406959534
0.00351905822754
0.00321698188782
0.00233387947083
0.00331902503967
0.00420618057251
0.00235509872437
0.00363397598267
0.00350880622864
0.00234985351562
0.00344204902649
0.00336408615112
0.00224304199219
0.00372910499573
0.00337815284729
0.00283002853394
0.00373101234436
0.00338315963745
0.00238299369812
0.00350499153137
0.00347495079041
0.0024049282074
0.00365805625916
0.00346803665161
0.00235509872437
0.00352597236633
0.00336503982544
0.00226092338562
0.00381302833557
0.00349593162537
0.0028669834137
0.00374102592468
0.003751039505
0.00221610069275
0.00361609458923
0.00393605232239
0.00239205360413
0.00385689735413
0.00408411026001
0.00237607955933
0.00364589691162
0.00355505943298
0.00239896774292
0.00408101081848
0.00404214859009
0.00348401069641
0.00382590293884
0.00380206108093
0.00239706039429
0.0040647983551
0.00377488136292
0.0023889541626
0.00379705429077
0.00376391410828
0.0024561882019
0.00365304946899
0.00375318527222
0.00239896774292
0.00393509864807
0.00364708900452
0.00242805480957
0.00439691543579
0.00387978553772
0.00247097015381
0.0037248134613
0.00359988212585
0.00244092941284
0.00343108177185
0.00356101989746
0.00237512588501
0.00364398956299
0.00417399406433
0.0025041103363
0.00383019447327
0.00352787971497
0.00235605239868
0.00336909294128
0.00391411781311
0.00249981880188
0.00358486175537
0.00388693809509
0.00244998931885
0.00370192527771
0.00326991081238
0.00245499610901
0.00314617156982
0.00308704376221
0.00230693817139
0.00343799591064
0.00334191322327
0.00231885910034
0.00361895561218
0.00383186340332
0.00229096412659
0.00349402427673
0.0035719871521
0.00223398208618
0.00365591049194
0.00380301475525
0.00228309631348
0.00371408462524
0.00372791290283
0.00226712226868
0.00380611419678
0.00420117378235
0.00233697891235
0.00342583656311
0.00349593162537
0.00296592712402
0.00346112251282
0.00335812568665
0.00237607955933
0.00347709655762
0.00338506698608
0.00239777565002
0.00332093238831
0.00332808494568
0.00234198570251
0.00331997871399
0.00409817695618
0.00283908843994
0.00346708297729
0.00320506095886
0.00291609764099
0.00326609611511
0.00331616401672
0.00235605239868
0.00328588485718
0.00310897827148
0.00244212150574
0.00317907333374
0.0031111240387
0.00222897529602
0.00314998626709
0.00306797027588
0.0021390914917
0.00296998023987
0.00285816192627
0.00208806991577
0.00369906425476
0.00317096710205
0.00219106674194
0.00318098068237
0.0029890537262
0.00224304199219
0.00348997116089
0.00340604782104
0.00213599205017
0.00325417518616
0.00335001945496
0.00217390060425
0.00357890129089
0.00372314453125
0.00227093696594
0.00409507751465
0.00351905822754
0.00236105918884
0.00368905067444
0.00345182418823
0.00222897529602
0.00364804267883
0.00358581542969
0.00216889381409
0.00369501113892
0.00358700752258
0.00225615501404
0.00368309020996
0.0038161277771
0.00214314460754
0.0035719871521
0.00417399406433
0.00223112106323
0.00346112251282
0.0035400390625
0.00216507911682
0.00336885452271
0.0032958984375
0.00224494934082
0.00348401069641
0.00332379341125
0.00218892097473
0.00353813171387
0.00309801101685
0.00219798088074
0.0034511089325
0.00386595726013
0.00209283828735
0.00349187850952
0.00332188606262
0.00209808349609
0.00337815284729
0.00380897521973
0.00215601921082
0.00341010093689
0.00381684303284
0.00222897529602
0.00361299514771
0.00358414649963
0.00235795974731
0.00369191169739
0.00339603424072
0.00260496139526
0.00387692451477
0.00380301475525
0.00207591056824
0.00382804870605
0.00332307815552
0.00248408317566
0.00348210334778
0.00336909294128
0.00203609466553
0.00311708450317
0.00300979614258
0.00212407112122
0.00334191322327
0.00321698188782
0.00260090827942
0.00335097312927
0.00324892997742
0.0020649433136
0.00351309776306
0.00351214408875
0.00214004516602
0.00329208374023
0.00319480895996
0.00214385986328
0.00322985649109
0.00327396392822
0.00219011306763
0.00329804420471
0.00337409973145
0.00338101387024
0.00361585617065
0.0034499168396
0.00222086906433
0.00323987007141
0.00343108177185
0.00217413902283
0.00383305549622
0.00388503074646
0.0024049282074
0.00318193435669
0.0035400390625
0.00241494178772
0.00314021110535
0.00351905822754
0.00241708755493
0.00379800796509
0.00297284126282
0.00236487388611
0.0030300617218
0.00298595428467
0.00220394134521
0.00313496589661
0.00311899185181
0.00214290618896
0.00327897071838
0.00325512886047
0.00223016738892
0.00326919555664
0.00311493873596
0.00221681594849
0.00358891487122
0.00348520278931
0.0021710395813
0.00345301628113
0.0030357837677
0.00214505195618
0.00325798988342
0.00312900543213
0.00210905075073
0.00298595428467
0.00316786766052
0.00202584266663
0.00334882736206
0.00312280654907
0.00208401679993
0.00339889526367
0.00352907180786
0.00228500366211
0.00343108177185
0.00322985649109
0.00208497047424
0.00314617156982
0.00313997268677
0.00219202041626
0.00316905975342
0.00325298309326
0.00218605995178
0.0035240650177
0.00350213050842
0.00215792655945
0.00349998474121
0.00394511222839
0.00234198570251
0.00350618362427
0.00331592559814
0.00220203399658
0.00343298912048
0.00322222709656
0.00205707550049
0.00319194793701
0.00349998474121
0.00199198722839
0.0033118724823
0.00318813323975
0.00202512741089
0.00312900543213
0.00321316719055
0.00258803367615
0.00346612930298
0.00331902503967
0.0022509098053
0.00349497795105
0.00345802307129
0.00220990180969
0.00352191925049
0.00339484214783
0.00213599205017
0.00323605537415
0.00315499305725
0.0025269985199
0.00314998626709
0.00326085090637
0.00274896621704
0.00333285331726
0.00322890281677
0.00207185745239
0.00394797325134
0.00331211090088
0.00194907188416
0.00319385528564
0.00324487686157
0.00199294090271
0.00322198867798
0.00300598144531
0.0020010471344
0.00371909141541
0.00308895111084
0.00217199325562
0.0038480758667
0.00328397750854
0.00232005119324
0.00340104103088
0.00324892997742
0.00211906433105
0.00313997268677
0.0030779838562
0.00223588943481
0.00308704376221
0.0031681060791
0.00214600563049
0.00322103500366
0.00314092636108
0.00225591659546
0.00402116775513
0.00352907180786
0.00227904319763
0.00355005264282
0.00313782691956
0.00224089622498
0.00391221046448
0.00321507453918
0.00442910194397
0.00480008125305
0.00389981269836
0.00242114067078
0.00341200828552
0.00339412689209
0.00225806236267
0.00349807739258
0.00434589385986
0.00243902206421
0.00355410575867
0.00335121154785
0.00236392021179
0.00358891487122
0.00353097915649
0.00254201889038
0.00340294837952
0.00359177589417
0.00238513946533
0.00331997871399
0.00340008735657
0.00242185592651
0.00340580940247
0.00391793251038
0.00242400169373
0.00348997116089
0.00328898429871
0.00241994857788
0.00352001190186
0.00316214561462
0.00212097167969
0.0030460357666
0.00312685966492
0.00212097167969
0.0031099319458
0.00323414802551
0.00216197967529
0.00316286087036
0.00357103347778
0.0022599697113
0.00333118438721
0.00341010093689
0.0023181438446
0.00327897071838
0.00335907936096
0.00230503082275
0.00348114967346
0.00342798233032
0.00231504440308
0.00333094596863
0.00310683250427
0.00236797332764
0.00350904464722
0.00441598892212
0.00233912467957
0.00318503379822
0.00316119194031
0.00218605995178
0.0030529499054
0.00312495231628
0.00219821929932
0.00301790237427
0.00291800498962
0.00233507156372
0.00308609008789
0.00295495986938
0.00229501724243
0.0032069683075
0.00300002098083
0.00282502174377
0.00304198265076
0.00318908691406
0.00229597091675
0.00344705581665
0.00322699546814
0.00209903717041
0.00411295890808
0.00304508209229
0.00213193893433
0.00309109687805
0.00304317474365
0.00226092338562
0.00308704376221
0.00300598144531
0.00218796730042
0.00367593765259
0.00323510169983
0.00225496292114
0.00319290161133
0.00314688682556
0.00226902961731
0.00313019752502
0.00300002098083
0.00207114219666
0.00294208526611
0.00290703773499
0.0021448135376
0.0029308795929
0.0028178691864
0.0020649433136
0.00332498550415
0.0028510093689
0.00215721130371
0.00282907485962
0.00290322303772
0.00207304954529
0.00298285484314
0.0029079914093
0.00206613540649
0.00293612480164
0.00283098220825
0.00197792053223
0.00299096107483
0.00268006324768
0.00210905075073
0.00284719467163
0.00349903106689
0.00212001800537
0.00295495986938
0.00286221504211
0.00214910507202
0.00289011001587
0.00290703773499
0.00214409828186
0.00280714035034
0.00284504890442
0.00216794013977
0.00290513038635
0.00277805328369
0.00218915939331
0.00281000137329
0.00319790840149
0.00218605995178
0.00282192230225
0.00272607803345
0.0022029876709
0.00312209129333
0.00275301933289
0.00217390060425
0.00282883644104
0.00279092788696
0.00214195251465
0.00283312797546
0.00309705734253
0.00204706192017
0.00286722183228
0.00326299667358
0.00256896018982
0.00332498550415
0.00330996513367
0.00209999084473
0.00304794311523
0.00301885604858
0.00211906433105
0.00281000137329
0.00291514396667
0.00226593017578
0.00285792350769
0.00285696983337
0.00229907035828
0.00289297103882
0.00258898735046
0.00271916389465
0.00273704528809
0.00257110595703
0.00213599205017
0.00280404090881
0.00258708000183
0.00207591056824
0.00278186798096
0.0025200843811
0.00309610366821
0.00398802757263
0.00321197509766
0.010213136673
0.00354409217834
0.00321412086487
0.00264310836792
0.00365304946899
0.00340986251831
0.00281691551208
0.00317096710205
0.00334191322327
0.00269103050232
0.00312995910645
0.00318503379822
0.00243496894836
0.00339007377625
0.00336980819702
0.00245904922485
0.00312900543213
0.00320100784302
0.00411510467529
0.00399899482727
0.00316190719604
0.00313186645508
0.00341391563416
0.00329303741455
0.00260901451111
0.00330400466919
0.00298309326172
0.00260877609253
0.00330305099487
0.00319504737854
0.00225710868835
0.00308299064636
0.00289106369019
0.00314903259277
0.00282192230225
0.00337696075439
0.00284290313721
0.00280785560608
0.0029399394989
0.00255107879639
0.00322103500366
0.0031681060791
0.0028440952301
0.00341391563416
0.00343894958496
0.0025908946991
0.00340604782104
0.00324988365173
0.00288891792297
0.00360798835754
0.00372099876404
0.00301599502563
0.00330591201782
0.00322198867798
0.00606489181519
0.00334692001343
0.003093957901
0.00455379486084
0.0033540725708
0.00350499153137
0.00596714019775
0.00360012054443
0.00347208976746
0.00472712516785
0.00344395637512
0.00464582443237
0.00258994102478
0.00323700904846
0.00345706939697
0.00304698944092
0.00347495079041
0.00314593315125
0.00742292404175
0.00316715240479
0.00305509567261
0.00265908241272
0.0032811164856
0.00315499305725
0.00301289558411
0.00316500663757
0.00313305854797
0.0115261077881
0.0032160282135
0.00309801101685
0.0027060508728
0.00315308570862
0.00319409370422
0.0109729766846
0.00304985046387
0.00334310531616
0.00275111198425
0.00354099273682
0.00317907333374
0.00271081924438
0.00336194038391
0.00318598747253
0.00604104995728
0.00392198562622
0.00322318077087
0.0610251426697
0.00397396087646
0.00385999679565
0.032142162323
0.00367403030396
0.00346899032593
0.0211050510406
0.00358700752258
0.00358390808105
0.0291550159454
0.00365209579468
0.00381994247437
0.0359280109406
0.00431203842163
0.00384306907654
0.00237011909485
0.0038161277771
0.00356316566467
0.0469980239868
0.0038948059082
0.00377607345581
0.00279498100281
0.00365281105042
0.00331783294678
0.00259590148926
0.00341010093689
0.00353193283081
0.00336098670959
0.00353407859802
0.00414299964905
0.00290703773499
0.00387096405029
0.00360512733459
0.00261998176575
0.00358200073242
0.00350093841553
0.00260901451111
0.00357294082642
0.00357985496521
0.00275778770447
0.00358200073242
0.00356793403625
0.00259399414062
0.0035560131073
0.00411701202393
0.0108590126038
0.00369691848755
0.00348496437073
0.00264811515808
0.0034351348877
0.003338098526
0.00255608558655
0.00324201583862
0.00318884849548
0.00288391113281
0.0034339427948
0.00335502624512
0.0025749206543
0.00334596633911
0.00345492362976
0.00261306762695
0.00336217880249
0.00331902503967
0.00440216064453
0.00344014167786
0.00319695472717
0.00254988670349
0.00306105613708
0.00316500663757
0.00253295898438
0.00305914878845
0.00309610366821
0.00239109992981
0.00335288047791
0.00335216522217
0.00296807289124
0.0033872127533
0.00328993797302
0.00251507759094
0.00339317321777
0.00324296951294
0.00983810424805
0.00326800346375
0.00312304496765
0.00342488288879
0.00320386886597
0.00301098823547
0.0024402141571
0.00304698944092
0.00308012962341
0.0025200843811
0.00357604026794
0.00305986404419
0.00647211074829
0.00299000740051
0.00309991836548
0.00419497489929
0.00348019599915
0.003005027771
0.00281095504761
0.00301098823547
0.00306820869446
0.00494694709778
0.00301289558411
0.00293183326721
0.00288510322571
0.00380992889404
0.00351691246033
0.00354790687561
0.00365209579468
0.00347185134888
0.00996494293213
0.0033540725708
0.003586769104
0.00228500366211
0.00344610214233
0.00348901748657
0.00261688232422
0.00330090522766
0.00326919555664
0.00369191169739
0.0034339427948
0.00391697883606
0.00267910957336
0.0042679309845
0.00345206260681
0.0072340965271
0.00345301628113
0.00333094596863
0.00719094276428
0.00346398353577
0.00331211090088
0.00270199775696
0.00320601463318
0.00320100784302
0.00814509391785
0.00324511528015
0.00351595878601
0.04922914505
0.00348305702209
0.00355100631714
0.199872016907
0.00389504432678
0.0037100315094
0.00970983505249
0.00369191169739
0.00349378585815
0.00914812088013
0.00362801551819
0.00340914726257
0.0368189811707
0.00365686416626
0.00479388237
0.1111369133
0.00378608703613
0.00369000434875
0.0725340843201
0.00363683700562
0.00354099273682
0.00242304801941
0.00340580940247
0.00329494476318
0.00229692459106
0.00347399711609
0.00342988967896
0.00225186347961
0.00344085693359
0.00339508056641
0.00266885757446
0.00321006774902
0.00326704978943
0.00214695930481
0.0033860206604
0.0031521320343
0.00209522247314
0.00339794158936
0.00317692756653
0.00215101242065
0.00333213806152
0.00329208374023
0.00222420692444
0.00309610366821
0.00308704376221
0.0021641254425
0.00389814376831
0.00341200828552
0.00234198570251
0.0031521320343
0.00330209732056
0.00232815742493
0.0031361579895
0.00301289558411
0.00219082832336
0.00334787368774
0.00345802307129
0.00233292579651
0.00362205505371
0.00349903106689
0.00222206115723
0.00387096405029
0.00315403938293
0.00230598449707
0.00356698036194
0.00325512886047
0.00217914581299
0.00331497192383
0.00403594970703
0.00211000442505
0.00331592559814
0.00337219238281
0.00304293632507
0.00388789176941
0.00330686569214
0.00223183631897
0.00330996513367
0.00369715690613
0.00222015380859
0.00306797027588
0.00297498703003
0.00219702720642
0.00318193435669
0.00341391563416
0.00218391418457
0.00317001342773
0.00312185287476
0.00224804878235
0.00322699546814
0.00304698944092
0.00218820571899
0.00317096710205
0.00341296195984
0.00211310386658
0.00312495231628
0.00310182571411
0.00212597846985
0.00318479537964
0.00324296951294
0.00218915939331
0.00322699546814
0.00309991836548
0.00216293334961
0.00307416915894
0.00303292274475
0.00223803520203
0.00311613082886
0.00294804573059
0.00268697738647
0.00309896469116
0.002769947052
0.00227403640747
0.00312900543213
0.0030620098114
0.00229811668396
0.00317597389221
0.00299000740051
0.00270700454712
0.00314998626709
0.00309896469116
0.00213289260864
0.00300192832947
0.00292181968689
0.0028760433197
0.00332093238831
0.00287389755249
0.00220799446106
0.00291800498962
0.00288605690002
0.00214695930481
0.00279593467712
0.00286507606506
0.00212383270264
0.00296902656555
0.00288009643555
0.00221395492554
0.0030210018158
0.00289011001587
0.00219202041626
0.00346183776855
0.00302696228027
0.00231385231018
0.00299191474915
0.00295281410217
0.00236582756042
0.00281000137329
0.0029501914978
0.00230503082275
0.00285601615906
0.00309705734253
0.00225114822388
0.00282311439514
0.00299215316772
0.0022439956665
0.00325179100037
0.00283193588257
0.00219202041626
0.00281000137329
0.00282001495361
0.00215697288513
0.00315594673157
0.00319194793701
0.00240087509155
0.00322198867798
0.00328016281128
0.00236797332764
0.00311493873596
0.0030357837677
0.00232100486755
0.0030620098114
0.00365495681763
0.00220680236816
0.00311708450317
0.00307106971741
0.00230312347412
0.00315499305725
0.00309991836548
0.00220084190369
0.00315594673157
0.00375604629517
0.0022599697113
0.00315117835999
0.00326299667358
0.0021059513092
0.00317907333374
0.0039541721344
0.00220513343811
0.00318098068237
0.00298690795898
0.00219702720642
0.00327587127686
0.00308203697205
0.00213217735291
0.00313901901245
0.00312614440918
0.00209307670593
0.00318288803101
0.00308299064636
0.00215697288513
0.00314879417419
0.00403308868408
0.00226807594299
0.00306797027588
0.00291895866394
0.00216507911682
0.00305509567261
0.00297904014587
0.00203895568848
0.00295305252075
0.00285387039185
0.00211119651794
0.00294589996338
0.00286793708801
0.00205397605896
0.00283718109131
0.00271892547607
0.0150420665741
0.00314402580261
0.00288510322571
0.00232911109924
0.0028920173645
0.00277090072632
0.00223088264465
0.00302696228027
0.00311589241028
0.00426006317139
0.00327801704407
0.00292301177979
0.00279593467712
0.00316095352173
0.00316500663757
0.00695109367371
0.00336813926697
0.00367212295532
0.00216317176819
0.00354790687561
0.00325989723206
0.00216889381409
0.00355291366577
0.00328302383423
0.00332093238831
0.00323891639709
0.00290513038635
0.00244402885437
0.00305604934692
0.00313496589661
0.00248503684998
0.00331783294678
0.00318694114685
0.00352597236633
0.00310111045837
0.00299406051636
0.00654816627502
0.00326991081238
0.00300407409668
0.00246500968933
0.00314593315125
0.00293898582458
0.35328412056
0.00390005111694
0.00390005111694
0.00277900695801
0.00377511978149
0.00365304946899
0.00292897224426
0.00355911254883
0.00387692451477
0.00282716751099
0.00343799591064
0.00333499908447
0.0115671157837
0.00354909896851
0.00338506698608
0.00957894325256
0.00354218482971
0.00325489044189
0.00671601295471
0.00452709197998
0.00341081619263
0.00303101539612
0.00393414497375
0.00332999229431
0.00298285484314
0.00360989570618
0.0034019947052
0.00253915786743
0.00335812568665
0.00330400466919
0.0065438747406
0.00341200828552
0.0032958984375
0.00451803207397
0.00349402427673
0.00322079658508
0.00223898887634
0.00397515296936
0.00343608856201
0.00552821159363
0.00334692001343
0.00328803062439
0.00410103797913
0.00324583053589
0.00326800346375
0.00215220451355
0.00321102142334
0.00309920310974
0.00908994674683
0.00334692001343
0.00331711769104
0.0167219638824
0.0033700466156
0.00323486328125
0.0177538394928
0.00408697128296
0.00354504585266
0.00221705436707
0.0035400390625
0.00326013565063
0.00220203399658
0.00347018241882
0.00329899787903
0.00226593017578
0.00327491760254
0.00360584259033
0.0021870136261
0.00346899032593
0.00334000587463
0.00211811065674
0.00326895713806
0.0032320022583
0.00218510627747
0.0033130645752
0.00327491760254
0.00212502479553
0.00329899787903
0.0032320022583
0.00208497047424
0.00364899635315
0.00334906578064
0.00229001045227
0.00337910652161
0.00332403182983
0.00222992897034
0.0033278465271
0.00339889526367
0.00223112106323
0.00432515144348
0.00343799591064
0.00233697891235
0.00360202789307
0.0035080909729
0.00223898887634
0.00392889976501
0.00342607498169
0.00226497650146
0.00340509414673
0.00342297554016
0.00237894058228
0.00347304344177
0.00322985649109
0.00228095054626
0.00332021713257
0.00331211090088
0.00227117538452
0.0034921169281
0.00314903259277
0.00271821022034
0.00339293479919
0.00335812568665
0.0022759437561
0.00340795516968
0.00338506698608
0.00229406356812
0.00328516960144
0.00322103500366
0.00378394126892
0.00327491760254
0.0032160282135
0.0022668838501
0.00335788726807
0.00420808792114
0.00234889984131
0.00297498703003
0.00310707092285
0.00221610069275
0.00305914878845
0.00297904014587
0.00225901603699
0.00342607498169
0.00315308570862
0.00211405754089
0.00328302383423
0.00314402580261
0.00216698646545
0.00311493873596
0.00311517715454
0.0024950504303
0.00315809249878
0.00311708450317
0.00215816497803
0.00300097465515
0.0029878616333
0.00238299369812
0.00316309928894
0.00308394432068
0.00240302085876
0.00308918952942
0.00289297103882
0.00236415863037
0.00283312797546
0.00287008285522
0.0021231174469
0.00319886207581
0.00295090675354
0.00220084190369
0.00324892997742
0.00323987007141
0.00223088264465
0.00328993797302
0.00317716598511
0.00222110748291
0.00326609611511
0.00317192077637
0.00215888023376
0.00311899185181
0.00310897827148
0.00210285186768
0.00354290008545
0.00304102897644
0.00211310386658
0.00304007530212
0.00288200378418
0.00227189064026
0.00298404693604
0.00308799743652
0.00222182273865
0.00319004058838
0.00320911407471
0.00211811065674
0.00340414047241
0.00307202339172
0.00206708908081
0.00363683700562
0.0039050579071
0.00212812423706
0.00334095954895
0.00332689285278
0.00203084945679
0.00343203544617
0.00327110290527
0.00236797332764
0.00319004058838
0.00313591957092
0.0022439956665
0.00303316116333
0.0032479763031
0.00228905677795
0.00305604934692
0.00352001190186
0.00229001045227
0.00311589241028
0.00306606292725
0.00218296051025
0.00303387641907
0.0029890537262
0.00222301483154
0.00297808647156
0.00293898582458
0.00230002403259
0.00295782089233
0.0030460357666
0.00225400924683
0.00330090522766
0.00321483612061
0.00266695022583
0.00350308418274
0.00348711013794
0.00235390663147
0.00338006019592
0.00328898429871
0.00217795372009
0.00336098670959
0.0033860206604
0.00215077400208
0.00344204902649
0.00346112251282
0.00199508666992
0.00326204299927
0.00318503379822
0.00254797935486
0.00318479537964
0.00306010246277
0.00207901000977
0.00303196907043
0.00308108329773
0.00205111503601
0.00298500061035
0.00298690795898
0.00207090377808
0.00294780731201
0.00287699699402
0.00211906433105
0.00306987762451
0.00280594825745
0.00199103355408
0.00356793403625
0.00305414199829
0.00206518173218
0.00287318229675
0.00288796424866
0.0020899772644
0.00307512283325
0.00300192832947
0.0020968914032
0.00321698188782
0.00296902656555
0.0020809173584
0.00310182571411
0.00385904312134
0.00238609313965
0.00370216369629
0.00313210487366
0.0023410320282
0.00324583053589
0.00312304496765
0.00226593017578
0.00317406654358
0.00300598144531
0.00226187705994
0.00307583808899
0.00299382209778
0.0021960735321
0.00308609008789
0.00296211242676
0.00220608711243
0.00316715240479
0.00360298156738
0.00227308273315
0.00331997871399
0.00308895111084
0.0022931098938
0.00325918197632
0.00326609611511
0.00229811668396
0.00310301780701
0.00322604179382
0.00220513343811
0.00336503982544
0.00310182571411
0.00220608711243
0.00313305854797
0.00356602668762
0.00230002403259
0.00337791442871
0.00324392318726
0.0024631023407
0.00352716445923
0.003338098526
0.00225019454956
0.00315093994141
0.00308084487915
0.00226497650146
0.00312399864197
0.00316405296326
0.00226306915283
0.00319719314575
0.00447607040405
0.00230312347412
0.00331711769104
0.0032160282135
0.00224590301514
0.00321102142334
0.00324296951294
0.0023078918457
0.00319600105286
0.00311803817749
0.00217509269714
0.00314092636108
0.00295114517212
0.00229001045227
0.0031898021698
0.00315809249878
0.00281405448914
0.00316500663757
0.00302290916443
0.00223588943481
0.00311422348022
0.00304698944092
0.00217413902283
0.00337100028992
0.00321292877197
0.00225114822388
0.00314998626709
0.0030369758606
0.00228500366211
0.00334692001343
0.00318098068237
0.00221109390259
0.00368404388428
0.00324606895447
0.00230288505554
0.0042359828949
0.00322413444519
0.00220012664795
0.00331807136536
0.00322294235229
0.00223398208618
0.00328302383423
0.00315117835999
0.00213313102722
0.00312995910645
0.00296092033386
0.00219678878784
0.00351095199585
0.00303101539612
0.00214195251465
0.0028829574585
0.00286602973938
0.00217199325562
0.00286793708801
0.00299906730652
0.00206899642944
0.00295996665955
0.00272583961487
0.00209999084473
0.0029878616333
0.0028440952301
0.00225114822388
0.00288820266724
0.00338697433472
0.00219798088074
0.00279307365417
0.00280690193176
0.0022759437561
0.00275921821594
0.00280785560608
0.00216293334961
0.00280499458313
0.00284600257874
0.00221705436707
0.00284719467163
0.00299000740051
0.00223088264465
0.00300693511963
0.00315690040588
0.00221681594849
0.00298380851746
0.00284910202026
0.00217914581299
0.00276112556458
0.00281715393066
0.00220608711243
0.00356507301331
0.00266313552856
0.00231099128723
0.00268602371216
0.00285291671753
0.00216197967529
0.00265717506409
0.00346708297729
0.00280404090881
0.00288987159729
0.00287294387817
0.00228190422058
0.002849817276
0.00291705131531
0.00221610069275
0.00290107727051
0.00289797782898
0.00227904319763
0.0027961730957
0.00287508964539
0.00230193138123
0.00280284881592
0.00274085998535
0.00268006324768
0.00282502174377
0.00268006324768
0.00221610069275
0.00275206565857
0.00266003608704
0.00230407714844
0.00263905525208
0.00278687477112
0.0022280216217
0.00265693664551
0.00261187553406
0.00224089622498
0.00264620780945
0.00252509117126
0.00224804878235
0.00324201583862
0.00250887870789
0.00225901603699
0.00260496139526
0.00264501571655
0.00216102600098
0.00320911407471
0.00271606445312
0.00231385231018
0.00266790390015
0.0026650428772
0.00233292579651
0.00280117988586
0.00264596939087
0.00222492218018
0.00319719314575
0.00264000892639
0.00224208831787
0.00282216072083
0.00259399414062
0.0022988319397
0.00292706489563
0.00274801254272
0.00219106674194
0.00280094146729
0.00252413749695
0.00211000442505
0.00260996818542
0.0032160282135
0.00213289260864
0.00324606895447
0.00389909744263
0.0023250579834
0.00358700752258
0.00313806533813
0.00221395492554
0.00320887565613
0.00311684608459
0.00229406356812
0.00323700904846
0.00335693359375
0.00231599807739
0.00336289405823
0.0032069683075
0.00223612785339
0.00333786010742
0.00353717803955
0.0022349357605
0.00332593917847
0.00316286087036
0.00226092338562
0.00334405899048
0.00302696228027
0.00224089622498
0.00320792198181
0.00308799743652
0.00223398208618
0.00304889678955
0.00306797027588
0.00222897529602
0.00308394432068
0.00416707992554
0.00231885910034
0.00319290161133
0.00300407409668
0.00230503082275
0.00303411483765
0.00295114517212
0.00223994255066
0.00306010246277
0.00305604934692
0.00228214263916
0.00288200378418
0.00268578529358
0.00220489501953
0.0029559135437
0.00318598747253
0.00272393226624
0.00290393829346
0.00294899940491
0.00222587585449
0.00309801101685
0.00295519828796
0.0022029876709
0.00284290313721
0.00293707847595
0.00225019454956
0.00286197662354
0.00286388397217
0.00220203399658
0.00299692153931
0.00278401374817
0.00271010398865
0.00289702415466
0.00274896621704
0.00226402282715
0.00285482406616
0.00282192230225
0.00221395492554
0.00279784202576
0.00280404090881
0.00231909751892
0.00285410881042
0.00271391868591
0.00215888023376
0.00276398658752
0.00300979614258
0.00223898887634
0.00374913215637
0.00298619270325
0.00236892700195
0.00347590446472
0.00323486328125
0.00219202041626
0.00335812568665
0.00300097465515
0.00212907791138
0.00310897827148
0.00298881530762
0.00215697288513
0.0032069683075
0.0029571056366
0.00216698646545
0.00340104103088
0.00307202339172
0.00208401679993
0.00317716598511
0.00291705131531
0.00208401679993
0.00298619270325
0.00288105010986
0.00212907791138
0.00287890434265
0.00307011604309
0.00208878517151
0.00301790237427
0.00289297103882
0.00203013420105
0.00288200378418
0.00339388847351
0.00217986106873
0.00286483764648
0.00286889076233
0.00218391418457
0.00285387039185
0.00310683250427
0.0021448135376
0.00296998023987
0.00297904014587
0.00211501121521
0.00295090675354
0.00295686721802
0.00216388702393
0.00327706336975
0.00366306304932
0.00229907035828
0.00327205657959
0.00328922271729
0.00220894813538
0.00338387489319
0.00326085090637
0.00220203399658
0.00316190719604
0.00307607650757
0.00219702720642
0.0029559135437
0.00307178497314
0.00222992897034
0.00293684005737
0.00291895866394
0.00273203849792
0.0031418800354
0.00308084487915
0.00228691101074
0.00297498703003
0.0028920173645
0.0022509098053
0.00322008132935
0.00325298309326
0.00220584869385
0.00327897071838
0.00318312644958
0.00209808349609
0.00309801101685
0.00300192832947
0.00344109535217
0.00329113006592
0.00327897071838
0.00233006477356
0.00327491760254
0.00321793556213
0.00215911865234
0.00323820114136
0.00308799743652
0.00224184989929
0.00308680534363
0.00320982933044
0.00219893455505
0.00305700302124
0.00308203697205
0.00221610069275
0.00357007980347
0.00295305252075
0.0022988319397
0.00295495986938
0.0029981136322
0.00231122970581
0.00332593917847
0.00310301780701
0.00226593017578
0.00314092636108
0.00296115875244
0.00227212905884
0.00305604934692
0.00308704376221
0.00223398208618
0.00359702110291
0.00312805175781
0.00213599205017
0.00321698188782
0.00332093238831
0.00206303596497
0.00320506095886
0.00311803817749
0.00206112861633
0.00317478179932
0.00296401977539
0.00225901603699
0.00317788124084
0.00304102897644
0.00220704078674
0.00358200073242
0.00316905975342
0.00204014778137
0.00302815437317
0.00296211242676
0.00209712982178
0.00302815437317
0.00310206413269
0.00202798843384
0.00305104255676
0.00321507453918
0.00195598602295
0.0032320022583
0.00322818756104
0.00194692611694
0.00420808792114
0.00332403182983
0.00195503234863
0.00325489044189
0.00318479537964
0.00200700759888
0.00313901901245
0.00317215919495
0.00196409225464
0.00297403335571
0.00305891036987
0.00197601318359
0.00329399108887
0.00299191474915
0.00195097923279
0.00335907936096
0.0036678314209
0.00226902961731
0.00331616401672
0.00337100028992
0.00221300125122
0.00327205657959
0.00330018997192
0.00219893455505
0.00388193130493
0.00311589241028
0.00223183631897
0.003084897995
0.00310087203979
0.00227499008179
0.00321912765503
0.00313282012939
0.00286102294922
0.00323605537415
0.00321507453918
0.00222420692444
0.00327205657959
0.00304818153381
0.00217294692993
0.00311803817749
0.00316905975342
0.00219702720642
0.0033118724823
0.0029308795929
0.00219488143921
0.00321888923645
0.00296401977539
0.00480604171753
0.00423383712769
0.00331091880798
0.00249099731445
0.00329518318176
0.00331902503967
0.00215983390808
0.00345587730408
0.00332093238831
0.00217986106873
0.00332593917847
0.00329494476318
0.00226998329163
0.00318288803101
0.00313591957092
0.00219917297363
0.00390696525574
0.00319290161133
0.00233292579651
0.00324606895447
0.00331401824951
0.00231885910034
0.00315594673157
0.00405287742615
0.00229406356812
0.0032799243927
0.00313496589661
0.00222396850586
0.00320410728455
0.00318813323975
0.00230693817139
0.00357294082642
0.0034511089325
0.00227117538452
0.00324606895447
0.00332498550415
0.00219798088074
0.00313115119934
0.00298810005188
0.00221610069275
0.00319910049438
0.00304293632507
0.00229406356812
0.00296807289124
0.00303792953491
0.00231790542603
0.00302982330322
0.00368499755859
0.00223398208618
0.00327301025391
0.00304913520813
0.00208306312561
0.00310611724854
0.00316119194031
0.00212097167969
0.00311398506165
0.00301814079285
0.00210499763489
0.0029559135437
0.00303506851196
0.00210404396057
0.00316286087036
0.00353598594666
0.00217413902283
0.00406813621521
0.00324296951294
0.00243520736694
0.00311303138733
0.00313901901245
0.00232481956482
0.00322198867798
0.00332593917847
0.00218486785889
0.00315999984741
0.00336599349976
0.00226211547852
0.00301098823547
0.00285506248474
0.00297284126282
0.00316691398621
0.0456109046936
0.00234985351562
0.00379300117493
0.00323009490967
0.00231909751892
0.00310015678406
0.00314998626709
0.00215411186218
0.00301599502563
0.00318908691406
0.00215196609497
0.00315690040588
0.00320196151733
0.00262880325317
0.00304293632507
0.00302910804749
0.00200605392456
0.00284886360168
0.00289702415466
0.00210285186768
0.0030779838562
0.00323700904846
0.00214600563049
0.00304102897644
0.00302314758301
0.00207304954529
0.00305199623108
0.00292706489563
0.00205898284912
0.0034818649292
0.00312185287476
0.00239086151123
0.00302982330322
0.00294303894043
0.00229597091675
0.00299191474915
0.00283908843994
0.00212097167969
0.00284790992737
0.00311088562012
0.00215792655945
0.0030357837677
0.00298595428467
0.00204491615295
0.00344610214233
0.0031840801239
0.00201392173767
0.0030791759491
0.00307393074036
0.00203990936279
0.00337290763855
0.00299787521362
0.00209808349609
0.00333714485168
0.00309705734253
0.0020649433136
0.00329613685608
0.00337696075439
0.00202894210815
0.00432109832764
0.00328397750854
0.00216484069824
0.00337505340576
0.00313401222229
0.0021550655365
0.00333189964294
0.00320291519165
0.00223302841187
0.00311803817749
0.00308895111084
0.00232481956482
0.00314807891846
0.00286912918091
0.00222897529602
0.00288605690002
0.00325417518616
0.00224995613098
0.00296187400818
0.00274801254272
0.00220322608948
0.00289011001587
0.00291609764099
0.00226402282715
0.00297212600708
0.00269293785095
0.00222015380859
0.00279307365417
0.00296306610107
0.00225782394409
0.00290989875793
0.0031750202179
0.00220108032227
0.00324320793152
0.00310492515564
0.00223088264465
0.003173828125
0.00304293632507
0.00213289260864
0.00318384170532
0.00321292877197
0.00205421447754
0.00307893753052
0.0030620098114
0.00212693214417
0.00306797027588
0.00324296951294
0.00264406204224
0.00314712524414
0.00305604934692
0.00207996368408
0.00302600860596
0.00388693809509
0.00210905075073
0.00307893753052
0.00298190116882
0.00216388702393
0.00307512283325
0.00297498703003
0.00219392776489
0.00308299064636
0.0030689239502
0.00206589698792
0.0034441947937
0.00310897827148
0.00228095054626
0.00293302536011
0.00330901145935
0.00209712982178
0.00323700904846
0.00334811210632
0.00206398963928
0.00312495231628
0.00326704978943
0.00205016136169
0.00317096710205
0.00324583053589
0.00209784507751
0.0036199092865
0.00303220748901
0.0020809173584
0.00309181213379
0.0031840801239
0.0022280216217
0.00330591201782
0.0031750202179
0.00213623046875
0.00329303741455
0.00333905220032
0.0027129650116
0.00315308570862
0.0031259059906
0.00425219535828
0.00300812721252
0.0036301612854
0.00513315200806
0.0031681060791
0.0032069683075
0.00376009941101
0.00301599502563
0.00312185287476
0.0143239498138
0.00302314758301
0.00286817550659
0.00258302688599
0.00307893753052
0.0029890537262
0.0101821422577
0.00306797027588
0.00349879264832
0.00327706336975
0.00313305854797
0.00311589241028
0.00211691856384
0.0031111240387
0.00311708450317
0.00217700004578
0.00384497642517
0.00304698944092
0.00214505195618
0.00309300422668
0.00291395187378
0.00206398963928
0.00285792350769
0.00287580490112
0.00267291069031
0.00300002098083
0.00280094146729
0.00193786621094
0.00287199020386
0.00294589996338
0.00198483467102
0.00304388999939
0.00302910804749
0.00198698043823
0.00310707092285
0.00297713279724
0.00197601318359
0.00297284126282
0.00297689437866
0.00237202644348
0.00304484367371
0.00299096107483
0.00183010101318
0.00303196907043
0.00297808647156
0.00181603431702
0.00321698188782
0.00330996513367
0.00187516212463
0.00326108932495
0.00334906578064
0.00179409980774
0.00323820114136
0.00329899787903
0.0017831325531
0.0036301612854
0.00310397148132
0.00172185897827
0.00301599502563
0.00314712524414
0.00177597999573
0.00297904014587
0.00301504135132
0.00176787376404
0.00303387641907
0.00290679931641
0.00174903869629
0.003005027771
0.00294804573059
0.0019679069519
0.00346088409424
0.00289583206177
0.00189304351807
0.00306010246277
0.00301098823547
0.00198602676392
0.00291109085083
0.00285005569458
0.00206208229065
0.00290298461914
0.00290298461914
0.00211596488953
0.00299382209778
0.00278306007385
0.00208806991577
0.00375509262085
0.00281715393066
0.00206017494202
0.00292801856995
0.00281977653503
0.00197505950928
0.00287008285522
0.00279116630554
0.00193905830383
0.00303411483765
0.00288200378418
0.00197696685791
0.00297284126282
0.00282382965088
0.00191688537598
0.00290703773499
0.00335907936096
0.00187397003174
0.00284290313721
0.00288820266724
0.00186896324158
0.00262999534607
0.00260591506958
0.00181484222412
0.00267601013184
0.00302410125732
0.00177216529846
0.00319409370422
0.00321793556213
0.00186896324158
0.00324010848999
0.00326800346375
0.002681016922
0.0035080909729
0.00320720672607
0.00226807594299
0.00349402427673
0.00400710105896
0.00226092338562
0.00350689888
0.00308203697205
0.0021607875824
0.00334811210632
0.00321388244629
0.00210690498352
0.00353789329529
0.00296592712402
0.00264382362366
0.00305390357971
0.00296902656555
0.00209903717041
0.00302481651306
0.00299000740051
0.00207304954529
0.00295996665955
0.00303983688354
0.00213003158569
0.00308203697205
0.00292015075684
0.00208306312561
0.00293803215027
0.00294494628906
0.00208282470703
0.00339603424072
0.00284910202026
0.00220394134521
0.00288319587708
0.0028760433197
0.00203204154968
0.00290393829346
0.00281405448914
0.00207710266113
0.00270986557007
0.00311899185181
0.00218105316162
0.00337696075439
0.0030689239502
0.00222516059875
0.00352716445923
0.00304698944092
0.00207805633545
0.00316095352173
0.00283885002136
0.0020489692688
0.00321817398071
0.0029239654541
0.00204801559448
0.00292611122131
0.00293302536011
0.00267291069031
0.0029821395874
0.00291609764099
0.00196719169617
0.00288510322571
0.00370812416077
0.00199604034424
0.00318098068237
0.00302004814148
0.00190186500549
0.00331807136536
0.00294804573059
0.00193905830383
0.00309300422668
0.00290203094482
0.00206208229065
0.0039050579071
0.00283288955688
0.00199198722839
0.0029890537262
0.00335097312927
0.00192499160767
0.00285601615906
0.00475096702576
0.00196385383606
0.00408697128296
0.00341081619263
0.00186395645142
0.00297999382019
0.00338697433472
0.00191187858582
0.00291800498962
0.00327396392822
0.00205302238464
0.00281000137329
0.00310802459717
0.00267100334167
0.00298595428467
0.00304484367371
0.00205492973328
0.00282406806946
0.00273394584656
0.00207996368408
0.00278306007385
0.00278186798096
0.00199389457703
0.00271582603455
0.00282692909241
0.00203704833984
0.00293588638306
0.0027642250061
0.0026969909668
0.00284695625305
0.00271511077881
0.00225710868835
0.00270509719849
0.00261807441711
0.00227999687195
0.00324702262878
0.00270485877991
0.00220394134521
0.00270199775696
0.00270509719849
0.00220108032227
0.00274181365967
0.00265383720398
0.0021538734436
0.00403094291687
0.00312185287476
0.00232100486755
0.00310206413269
0.00301098823547
0.00224709510803
0.0029981136322
0.00288701057434
0.00209999084473
0.00325202941895
0.00289583206177
0.00208187103271
0.00280785560608
0.00304293632507
0.00207614898682
0.00347900390625
0.00288796424866
0.00208115577698
0.00275111198425
0.0028669834137
0.00209403038025
0.00276494026184
0.00280022621155
0.00211596488953
0.00267195701599
0.00269508361816
0.00208401679993
0.00305604934692
0.00465488433838
0.00211310386658
0.00385189056396
0.0026490688324
0.00215601921082
0.00305604934692
0.00297594070435
0.00225305557251
0.0027539730072
0.00260090827942
0.00224709510803
0.00281000137329
0.00262188911438
0.00210285186768
0.00270199775696
0.00276017189026
0.00206208229065
0.00285696983337
0.00374889373779
0.00211191177368
0.00324201583862
0.00313591957092
0.00205588340759
0.00328087806702
0.00302600860596
0.00226807594299
0.00302410125732
0.00302696228027
0.00258302688599
0.00315380096436
0.00294804573059
0.00219702720642
0.00313806533813
0.00286221504211
0.00268793106079
0.00330495834351
0.00319004058838
0.00227689743042
0.00313186645508
0.00317692756653
0.0020809173584
0.00311708450317
0.00300598144531
0.00226902961731
0.0031270980835
0.00292491912842
0.0021960735321
0.00298404693604
0.00307607650757
0.00256490707397
0.00299310684204
0.00348806381226
0.00204610824585
0.00334000587463
0.00325703620911
0.00217509269714
0.00304198265076
0.0030300617218
0.00202894210815
0.00321507453918
0.00308108329773
0.00206303596497
0.00310587882996
0.00305199623108
0.00207090377808
0.00355887413025
0.00299906730652
0.00219106674194
0.00297212600708
0.0038731098175
0.00238299369812
0.00338506698608
0.00313901901245
0.00237798690796
0.00315308570862
0.00313997268677
0.00223207473755
0.00337600708008
0.00321578979492
0.00226497650146
0.00347900390625
0.00317716598511
0.0022668838501
0.00342011451721
0.0031099319458
0.00222492218018
0.00340986251831
0.00320506095886
0.00226593017578
0.00297689437866
0.00317001342773
0.00220990180969
0.00333905220032
0.00297713279724
0.00223612785339
0.00314807891846
0.003830909729
0.00225710868835
0.00303912162781
0.00294613838196
0.00222015380859
0.00311303138733
0.00291085243225
0.00228691101074
0.00298881530762
0.00327396392822
0.0022189617157
0.00318002700806
0.00311684608459
0.00218200683594
0.00310397148132
0.00350785255432
0.00219297409058
0.00291895866394
0.00286412239075
0.00218105316162
0.00289678573608
0.00289702415466
0.00210905075073
0.00301599502563
0.00289392471313
0.00207901000977
0.00311088562012
0.0028018951416
0.0021378993988
0.00309991836548
0.00301384925842
0.00267386436462
0.00323891639709
0.00310301780701
0.00216603279114
0.00300192832947
0.00296306610107
0.00230097770691
0.00308895111084
0.00307297706604
0.00226187705994
0.00305986404419
0.0030529499054
0.00206589698792
0.0032958984375
0.00304317474365
0.00266790390015
0.00304698944092
0.00340914726257
0.00210094451904
0.00324702262878
0.0032057762146
0.00216102600098
0.00329518318176
0.00325393676758
0.00212597846985
0.00336408615112
0.00329804420471
0.00215005874634
0.00331020355225
0.00349998474121
0.00218105316162
0.00387215614319
0.00341296195984
0.00231504440308
0.00342893600464
0.00333285331726
0.00218081474304
0.00326704978943
0.00323605537415
0.00223088264465
0.00375890731812
0.00339913368225
0.0022919178009
0.00318694114685
0.00322890281677
0.00219988822937
0.00365686416626
0.00310111045837
0.00229001045227
0.00325012207031
0.00315690040588
0.00214791297913
0.00312304496765
0.00306797027588
0.00219321250916
0.00316214561462
0.00308513641357
0.00205087661743
0.00317096710205
0.00301694869995
0.00212812423706
0.00329899787903
0.00340700149536
0.00210309028625
0.00306606292725
0.00314784049988
0.00213289260864
0.00299191474915
0.00289106369019
0.00206899642944
0.00316119194031
0.0031099319458
0.00208878517151
0.00312185287476
0.0030210018158
0.00204396247864
0.00298190116882
0.00337290763855
0.00213384628296
0.00289702415466
0.00291895866394
0.00203800201416
0.00305199623108
0.00334692001343
0.0019998550415
0.00312900543213
0.0031111240387
0.00213718414307
0.00303101539612
0.00300407409668
0.00218796730042
0.00325512886047
0.00355410575867
0.00275492668152
0.00350308418274
0.00341296195984
0.00220894813538
0.00343418121338
0.00313711166382
0.00218296051025
0.00328397750854
0.00326800346375
0.00224900245667
0.00345206260681
0.00337600708008
0.00216388702393
0.00313186645508
0.00318288803101
0.00265693664551
0.00310301780701
0.00301504135132
0.00214004516602
0.00307583808899
0.00297594070435
0.00221610069275
0.00296211242676
0.00291419029236
0.00269293785095
0.00347208976746
0.00331211090088
0.00229716300964
0.00340604782104
0.00316286087036
0.00225591659546
0.0039210319519
0.00335597991943
0.00231194496155
0.00321698188782
0.0032000541687
0.00218105316162
0.00334596633911
0.00318312644958
0.00257110595703
0.00320887565613
0.00334787368774
0.0020968914032
0.00329399108887
0.00318694114685
0.00206804275513
0.0036518573761
0.00320601463318
0.00213313102722
0.00322914123535
0.00310301780701
0.00212979316711
0.00316309928894
0.00313901901245
0.00211000442505
0.00415802001953
0.00327301025391
0.00210404396057
0.00338006019592
0.00330305099487
0.00212502479553
0.00321984291077
0.00362586975098
0.00203084945679
0.00332689285278
0.00309300422668
0.00216102600098
0.00318503379822
0.00319910049438
0.00214815139771
0.00315594673157
0.00316500663757
0.00207996368408
0.00332713127136
0.00330305099487
0.00206208229065
0.00332093238831
0.00374412536621
0.0021231174469
0.00328707695007
0.00314211845398
0.00220513343811
0.00329399108887
0.00305199623108
0.00202298164368
0.00307393074036
0.00313210487366
0.00226998329163
0.00352811813354
0.00313210487366
0.0021710395813
0.00344204902649
0.00311303138733
0.00264596939087
0.00322294235229
0.00320315361023
0.00214695930481
0.00300097465515
0.00305199623108
0.00198006629944
0.0032479763031
0.00306987762451
0.00197196006775
0.00318884849548
0.00300478935242
0.00225186347961
0.00334692001343
0.00327110290527
0.00301909446716
0.00345301628113
0.00318813323975
0.0022280216217
0.0033118724823
0.00315403938293
0.00230002403259
0.00328207015991
0.00311923027039
0.00227689743042
0.0032479763031
0.00334596633911
0.00212812423706
0.00339698791504
0.00350284576416
0.00213098526001
0.00409698486328
0.00328898429871
0.00226402282715
0.0034499168396
0.00319385528564
0.0025680065155
0.00323510169983
0.00341010093689
0.00255799293518
0.00328087806702
0.00320506095886
0.00257301330566
0.00304412841797
0.00306701660156
0.00290989875793
0.00386095046997
0.0031111240387
0.0101909637451
0.00312304496765
0.00330209732056
0.00929403305054
0.00325202941895
0.00315403938293
0.00946712493896
0.0032651424408
0.00331616401672
0.00512504577637
0.00337314605713
0.00348711013794
0.00311493873596
0.00439691543579
0.00344800949097
0.00625991821289
0.00358390808105
0.00333118438721
0.00847005844116
0.00351595878601
0.00330400466919
0.00382089614868
0.00338387489319
0.00319194793701
0.0023820400238
0.00339484214783
0.00326800346375
0.0023181438446
0.00307297706604
0.00376391410828
0.00529289245605
0.00340795516968
0.00321793556213
0.00927519798279
0.00309896469116
0.00393605232239
0.00767493247986
0.00340509414673
0.00332689285278
0.0023717880249
0.00316190719604
0.00301098823547
0.00216507911682
0.003093957901
0.00372195243835
0.00210213661194
0.00325107574463
0.00317096710205
0.00215005874634
0.0031259059906
0.00322580337524
0.00209403038025
0.00312805175781
0.00307202339172
0.00207495689392
0.00306177139282
0.00316596031189
0.00209999084473
0.00307106971741
0.00293207168579
0.00263404846191
0.00316691398621
0.0032057762146
0.00215005874634
0.00311207771301
0.00311207771301
0.00222992897034
0.00308203697205
0.00339984893799
0.00207304954529
0.00332808494568
0.00311899185181
0.00209712982178
0.00312900543213
0.00317907333374
0.00259280204773
0.00302982330322
0.00306701660156
0.00204420089722
0.0029399394989
0.00289011001587
0.00217700004578
0.00308012962341
0.00290608406067
0.00205898284912
0.00292205810547
0.00311493873596
0.00209593772888
0.00315618515015
0.00294208526611
0.00213694572449
0.00364398956299
0.00318217277527
0.00216007232666
0.00317001342773
0.00302600860596
0.00229287147522
0.00313782691956
0.00297093391418
0.00227403640747
0.00293302536011
0.00312685966492
0.00212788581848
0.00321221351624
0.00308895111084
0.00214886665344
0.003497838974
0.0030369758606
0.00214314460754
0.00308012962341
0.00296711921692
0.00219011306763
0.00301814079285
0.00293397903442
0.0021698474884
0.00294303894043
0.00304102897644
0.00207495689392
0.00291395187378
0.00285983085632
0.00205993652344
0.00301504135132
0.00337481498718
0.00219297409058
0.00281381607056
0.00301289558411
0.00213193893433
0.00311493873596
0.00305604934692
0.00213289260864
0.00300216674805
0.00291395187378
0.00224304199219
0.00285196304321
0.00296998023987
0.00223517417908
0.00311398506165
0.00334405899048
0.00213694572449
0.00318193435669
0.00318193435669
0.00205206871033
0.00329303741455
0.00318098068237
0.00207209587097
0.00325202941895
0.00301790237427
0.00202894210815
0.00340104103088
0.0029890537262
0.00204801559448
0.0029571056366
0.00311398506165
0.00256085395813
0.00313496589661
0.00306677818298
0.00198006629944
0.00299000740051
0.00303292274475
0.00200819969177
0.0029821395874
0.00288009643555
0.0020899772644
0.00293779373169
0.00299406051636
0.00212788581848
0.00293588638306
0.00291085243225
0.00251293182373
0.00293207168579
0.00301289558411
0.0021607875824
0.00296807289124
0.00286197662354
0.00216293334961
0.0029411315918
0.00267505645752
0.00220513343811
0.00329399108887
0.00311994552612
0.00269412994385
0.00311779975891
0.00311803817749
0.0045120716095
0.00312495231628
0.00312900543213
0.00242805480957
0.00304913520813
0.00318598747253
0.00480794906616
0.0030620098114
0.00312495231628
0.00243902206421
0.00315618515015
0.00300812721252
0.0052330493927
0.00328803062439
0.00304079055786
0.00401401519775
0.00329518318176
0.00308609008789
0.00337195396423
0.00313591957092
0.00319790840149
0.00255417823792
0.00311207771301
0.00302004814148
0.00554394721985
0.0032320022583
0.00317001342773
0.00234198570251
0.00322604179382
0.00302982330322
0.00225591659546
0.00354790687561
0.00336790084839
0.00228691101074
0.00298190116882
0.00290203094482
0.00206089019775
0.00287508964539
0.00298810005188
0.00210499763489
0.00300407409668
0.00300097465515
0.00204801559448
0.00306797027588
0.00309014320374
0.00207710266113
0.00310897827148
0.00311994552612
0.00215697288513
0.00299906730652
0.00305891036987
0.00216603279114
0.00300908088684
0.00296807289124
0.00208210945129
0.00280213356018
0.00282907485962
0.00206398963928
0.00276899337769
0.00278282165527
0.00205492973328
0.00277614593506
0.00340604782104
0.00211787223816
0.00279307365417
0.00273394584656
0.00211191177368
0.00270104408264
0.00257778167725
0.00208401679993
0.00270700454712
0.00271987915039
0.00231313705444
0.00305604934692
0.00273489952087
0.0022439956665
0.00294589996338
0.00306987762451
0.0027768611908
0.00307083129883
0.00302195549011
0.00208497047424
0.00288796424866
0.00294804573059
0.00209593772888
0.00283598899841
0.00297808647156
0.00210905075073
0.00288414955139
0.00286316871643
0.00208902359009
0.00288987159729
0.00273299217224
0.00258898735046
0.00288200378418
0.00288009643555
0.0020899772644
0.00283098220825
0.00285410881042
0.00210499763489
0.00274300575256
0.0027539730072
0.00208187103271
0.0029878616333
0.00283193588257
0.00215792655945
0.00275778770447
0.00265693664551
0.00208616256714
0.00318002700806
0.00285720825195
0.00226593017578
0.00282406806946
0.00292301177979
0.00214195251465
0.00286507606506
0.00284099578857
0.00216794013977
0.00287508964539
0.00274896621704
0.00220704078674
0.00270390510559
0.00268602371216
0.0021641254425
0.00321197509766
0.00276184082031
0.00216794013977
0.00267100334167
0.00265383720398
0.00209307670593
0.00274395942688
0.00272512435913
0.00210809707642
0.00278496742249
0.0027129650116
0.0021538734436
0.0026650428772
0.00265097618103
0.00211000442505
0.00266814231873
0.00335192680359
0.00213003158569
0.00271797180176
0.00276708602905
0.0021710395813
0.00326991081238
0.00309681892395
0.0021538734436
0.00337195396423
0.00317120552063
0.00210499763489
0.00327706336975
0.00322723388672
0.00225400924683
0.0032742023468
0.00372409820557
0.00233197212219
0.00335311889648
0.00327491760254
0.00213694572449
0.00318288803101
0.003093957901
0.00217914581299
0.00296115875244
0.00323700904846
0.00224995613098
0.00325703620911
0.00313806533813
0.00221991539001
0.00317597389221
0.00316095352173
0.00275588035583
0.00419688224792
0.00332689285278
0.00220012664795
0.00320100784302
0.003084897995
0.00220608711243
0.00336289405823
0.00338006019592
0.00219297409058
0.00338387489319
0.00326991081238
0.00216603279114
0.00333881378174
0.0032799243927
0.00270795822144
0.00302886962891
0.00313401222229
0.00220394134521
0.00311183929443
0.00306606292725
0.00221991539001
0.00309300422668
0.00309181213379
0.00206589698792
0.00306582450867
0.00299000740051
0.00223112106323
0.00294208526611
0.0029730796814
0.00332283973694
0.00288891792297
0.00273609161377
0.00213503837585
0.00284695625305
0.00371289253235
0.00236296653748
0.00343298912048
0.00317096710205
0.00228095054626
0.00312685966492
0.00303983688354
0.00222492218018
0.00308299064636
0.00302600860596
0.00215196609497
0.00343608856201
0.00280594825745
0.00219702720642
0.00291705131531
0.00285387039185
0.00216698646545
0.00302815437317
0.00280714035034
0.00219416618347
0.00292897224426
0.00272417068481
0.00204515457153
0.00297999382019
0.00282502174377
0.00215697288513
0.00298595428467
0.00355005264282
0.00216794013977
0.00296378135681
0.00288510322571
0.00205612182617
0.00285696983337
0.00287103652954
0.00215601921082
0.00289106369019
0.00284695625305
0.00201797485352
0.00286912918091
0.00287413597107
0.00201606750488
0.00280117988586
0.00327301025391
0.00212717056274
0.00291109085083
0.00285410881042
0.00193619728088
0.0028760433197
0.00277805328369
0.00194001197815
0.00314903259277
0.0030210018158
0.00197100639343
0.00294280052185
0.00278186798096
0.00196099281311
0.00280117988586
0.00307106971741
0.00243496894836
0.00311994552612
0.00319790840149
0.00223994255066
0.00321292877197
0.00322890281677
0.00232481956482
0.00318598747253
0.0028350353241
0.00224995613098
0.00310087203979
0.00324487686157
0.00214290618896
0.00319600105286
0.00308704376221
0.00257396697998
0.00319886207581
0.00316596031189
0.00212717056274
0.00290203094482
0.00287413597107
0.0021960735321
0.0032320022583
0.0030210018158
0.00208806991577
0.00295114517212
0.00311613082886
0.00219893455505
0.00311994552612
0.0029411315918
0.00215601921082
0.00385093688965
0.00322914123535
0.00220799446106
0.00317692756653
0.00334286689758
0.00208806991577
0.00329899787903
0.00316691398621
0.0021390914917
0.0032799243927
0.00315618515015
0.00211691856384
0.00332498550415
0.00320100784302
0.00211596488953
0.0035560131073
0.00308799743652
0.00230693817139
0.00316286087036
0.00310802459717
0.00219392776489
0.00320792198181
0.0032811164856
0.00214695930481
0.00348615646362
0.00324010848999
0.0020911693573
0.00313305854797
0.00320410728455
0.0021231174469
0.00331020355225
0.00376200675964
0.00233721733093
0.00312399864197
0.00320482254028
0.00225400924683
0.00322318077087
0.00328803062439
0.0022029876709
0.00319314002991
0.00314116477966
0.00224900245667
0.00318193435669
0.00304698944092
0.00218987464905
0.00312805175781
0.0034351348877
0.00234198570251
0.00294303894043
0.00376796722412
0.00228786468506
0.00288891792297
0.00296187400818
0.00228190422058
0.00366592407227
0.00322818756104
0.00214004516602
0.00315403938293
0.00307893753052
0.00216603279114
0.00309014320374
0.00289607048035
0.00269794464111
0.00312900543213
0.00304388999939
0.00222182273865
0.00311899185181
0.00302910804749
0.00206995010376
0.003093957901
0.00308394432068
0.00220990180969
0.00314903259277
0.00309205055237
0.00227999687195
0.00306987762451
0.00297689437866
0.0027449131012
0.00288796424866
0.00305485725403
0.00223803520203
0.00338006019592
0.00321698188782
0.00225186347961
0.00314998626709
0.00313496589661
0.00212907791138
0.00325012207031
0.00302195549011
0.002681016922
0.00345802307129
0.00341296195984
0.00696802139282
0.00330901145935
0.00311899185181
0.00260782241821
0.00320386886597
0.00326681137085
0.00227499008179
0.00327801704407
0.00299501419067
0.00261092185974
0.00326204299927
0.00311589241028
0.00569105148315
0.00330305099487
0.00311207771301
0.00633907318115
0.00367307662964
0.00304794311523
0.00211691856384
0.00305390357971
0.00301694869995
0.00542306900024
0.00302720069885
0.00284600257874
0.00393199920654
0.00328302383423
0.00308680534363
0.00304102897644
0.00300908088684
0.00292801856995
0.00229811668396
0.00280714035034
0.00345516204834
0.0022029876709
0.00295805931091
0.00281691551208
0.00227904319763
0.00275111198425
0.0029821395874
0.00218605995178
0.00293517112732
0.00273203849792
0.00232720375061
0.00292205810547
0.00289106369019
0.00225806236267
0.00291085243225
0.00368690490723
0.00215601921082
0.00299715995789
0.00275492668152
0.00218796730042
0.00292611122131
0.002760887146
0.002201795578
0.00273489952087
0.00280094146729
0.00220108032227
0.00284886360168
0.00287199020386
0.00217819213867
0.00271606445312
0.00279378890991
0.00277495384216
0.0028989315033
0.00273203849792
0.00213408470154
0.00291013717651
0.0028440952301
0.00213408470154
0.0028760433197
0.0026478767395
0.00220513343811
0.00278615951538
0.00271606445312
0.00218915939331
0.00273299217224
0.00296187400818
0.00264000892639
0.00282192230225
0.00292801856995
0.00210499763489
0.00275588035583
0.00261402130127
0.00209808349609
0.0026650428772
0.00262093544006
0.00198316574097
0.00247597694397
0.00265979766846
0.00204992294312
0.00273489952087
0.00307393074036
0.00203108787537
0.0039439201355
0.00329184532166
0.00214290618896
0.00327706336975
0.00312209129333
0.00227093696594
0.00309014320374
0.00297403335571
0.0020489692688
0.00316309928894
0.00336289405823
0.00212287902832
0.00330185890198
0.00320506095886
0.00197386741638
0.00358605384827
0.00302290916443
0.00204801559448
0.00310301780701
0.00319600105286
0.00210404396057
0.00340604782104
0.00306820869446
0.00213217735291
0.00297212600708
0.0031099319458
0.0021059513092
0.00338387489319
0.00312089920044
0.00224590301514
0.00305008888245
0.00385999679565
0.00210905075073
0.00318098068237
0.00329399108887
0.00215816497803
0.00319600105286
0.00312685966492
0.00221586227417
0.00305104255676
0.00305604934692
0.00218892097473
0.00334095954895
0.00311779975891
0.00228691101074
0.0031418800354
0.00365900993347
0.00922298431396
0.00314617156982
0.00323605537415
0.00548315048218
0.00319910049438
0.00309801101685
0.00205016136169
0.00304794311523
0.00339388847351
0.00607490539551
0.00401711463928
0.00358700752258
0.00372290611267
0.00336098670959
0.00334715843201
0.00920295715332
0.00334191322327
0.00324892997742
0.00655913352966
0.00431299209595
0.00347399711609
0.00273108482361
0.00333094596863
0.00345897674561
0.00227212905884
0.00345897674561
0.00344800949097
0.00226902961731
0.00336599349976
0.00325512886047
0.00275015830994
0.00321006774902
0.00306391716003
0.00230717658997
0.00520896911621
0.00312900543213
0.00226902961731
0.00335288047791
0.0031099319458
0.00219488143921
0.00325989723206
0.00337600708008
0.00220108032227
0.00337219238281
0.00342416763306
0.00338387489319
0.00332403182983
0.00340819358826
0.00214910507202
0.00326704978943
0.00321078300476
0.00210189819336
0.00327610969543
0.0031681060791
0.00224089622498
0.00346994400024
0.00348091125488
0.00223588943481
0.00334119796753
0.00333404541016
0.00227499008179
0.00362706184387
0.00311613082886
0.00223612785339
0.00318813323975
0.00319504737854
0.00224804878235
0.00316500663757
0.00323891639709
0.00221991539001
0.00328683853149
0.00331783294678
0.00211906433105
0.00328898429871
0.00315880775452
0.00211191177368
0.00355911254883
0.00321507453918
0.00209522247314
0.0030300617218
0.00308394432068
0.00213384628296
0.00305390357971
0.00293898582458
0.00219011306763
0.0030779838562
0.00296998023987
0.00230193138123
0.00301504135132
0.00294399261475
0.00212287902832
0.00284600257874
0.00359797477722
0.00213098526001
0.00316596031189
0.00300908088684
0.0020580291748
0.00310802459717
0.00273609161377
0.00202512741089
0.00308513641357
0.00288391113281
0.00206112861633
0.00288391113281
0.00279784202576
0.00208687782288
0.0028088092804
0.00309205055237
0.00196194648743
0.00270891189575
0.00259590148926
0.00194382667542
0.00279998779297
0.00283789634705
0.00194787979126
0.00278806686401
0.00281286239624
0.00191402435303
0.00288200378418
0.00290584564209
0.00195598602295
0.00311303138733
0.00309681892395
0.00242900848389
0.00307512283325
0.00298094749451
0.00190186500549
0.00287508964539
0.00285196304321
0.00192093849182
0.00284814834595
0.00284910202026
0.00191402435303
0.0028657913208
0.00287103652954
0.00191617012024
0.00283694267273
0.00275087356567
0.00242304801941
0.00274896621704
0.00266599655151
0.00204706192017
0.00267505645752
0.00267720222473
0.00200009346008
0.00274109840393
0.00277805328369
0.0020809173584
0.00286102294922
0.00264000892639
0.00219416618347
0.00275993347168
0.00275206565857
0.00226712226868
0.0034921169281
0.00281596183777
0.00218486785889
0.0026478767395
0.00265693664551
0.00211906433105
0.0027711391449
0.00281620025635
0.00203394889832
0.00320887565613
0.00281095504761
0.00190901756287
0.00307202339172
0.00281095504761
0.00197601318359
0.00332188606262
0.00320982933044
0.00192403793335
0.0031909942627
0.00282120704651
0.00193500518799
0.003084897995
0.0029890537262
0.00187706947327
0.00295114517212
0.003005027771
0.00179314613342
0.00317406654358
0.00293207168579
0.00189900398254
0.00318598747253
0.00366902351379
0.00192999839783
0.00310802459717
0.00338411331177
0.00184392929077
0.00333499908447
0.0034019947052
0.00179386138916
0.00328993797302
0.00333595275879
0.00182604789734
0.00327110290527
0.00325489044189
0.00287294387817
0.00343918800354
0.00368905067444
0.00223612785339
0.00321698188782
0.00305700302124
0.00228500366211
0.00308203697205
0.00316405296326
0.00219798088074
0.00317907333374
0.00297117233276
0.00220203399658
0.00302600860596
0.00286102294922
0.00219702720642
0.00294423103333
0.00336194038391
0.00226879119873
0.00293111801147
0.00293898582458
0.00217914581299
0.00303912162781
0.00284004211426
0.00222516059875
0.00281596183777
0.00283002853394
0.00221705436707
0.00277900695801
0.00277400016785
0.00222015380859
0.00279808044434
0.00372314453125
0.00219511985779
0.00400590896606
0.00269484519958
0.00213003158569
0.00277590751648
0.00277900695801
0.00217413902283
0.00277709960938
0.00274705886841
0.00217199325562
0.00313186645508
0.00347685813904
0.00211787223816
0.00340580940247
0.00319790840149
0.0025589466095
0.00309801101685
0.00299882888794
0.00199103355408
0.00328207015991
0.00295305252075
0.00200986862183
0.00313782691956
0.00304508209229
0.00190997123718
0.00312495231628
0.00299501419067
0.00182604789734
0.00304293632507
0.00306081771851
0.00187397003174
0.00331997871399
0.00285482406616
0.00197601318359
0.00287294387817
0.00292682647705
0.00187206268311
0.0029079914093
0.00334596633911
0.00186514854431
0.00299000740051
0.0029411315918
0.00192809104919
0.00285005569458
0.00267601013184
0.00186109542847
0.00304794311523
0.00269389152527
0.00202202796936
0.00260019302368
0.0026171207428
0.00205111503601
0.00263595581055
0.00266289710999
0.002032995224
0.00297999382019
0.00283098220825
0.00203680992126
0.00268793106079
0.00301098823547
0.00203800201416
0.00314807891846
0.00360202789307
0.00202798843384
0.00313401222229
0.00319504737854
0.00205302238464
0.00309801101685
0.00300002098083
0.00216197967529
0.00318121910095
0.00309014320374
0.00202202796936
0.00310897827148
0.00304794311523
0.00197505950928
0.00312995910645
0.00346899032593
0.00203204154968
0.00303506851196
0.00296998023987
0.00191903114319
0.00317597389221
0.00286889076233
0.00191807746887
0.00298285484314
0.00300598144531
0.00190591812134
0.00296115875244
0.00294089317322
0.00196194648743
0.00306391716003
0.00283813476562
0.00246214866638
0.00288796424866
0.00301504135132
0.00196003913879
0.00305390357971
0.0028178691864
0.00198984146118
0.00294899940491
0.00267601013184
0.00209593772888
0.00287103652954
0.00276303291321
0.00207901000977
0.00280213356018
0.00289702415466
0.00311279296875
0.00296592712402
0.00276684761047
0.00206589698792
0.00272083282471
0.00679802894592
0.00190806388855
0.00298500061035
0.00286293029785
0.00190782546997
0.00307989120483
0.00288987159729
0.00201201438904
0.00285601615906
0.00285315513611
0.00189113616943
0.00363206863403
0.0029571056366
0.00193905830383
0.00290393829346
0.00303220748901
0.00190901756287
0.00275921821594
0.00262999534607
0.00185298919678
0.00283193588257
0.00270700454712
0.00180101394653
0.00255012512207
0.00279879570007
0.00191402435303
0.00355815887451
0.00334811210632
0.00173902511597
0.0031259059906
0.0032160282135
0.00180101394653
0.00307703018188
0.00307512283325
0.00179815292358
0.00301194190979
0.00312685966492
0.00168800354004
0.00394201278687
0.00304889678955
0.00218486785889
0.00305795669556
0.00371217727661
0.0023021697998
0.00338792800903
0.00307202339172
0.00213217735291
0.00309896469116
0.00311684608459
0.00214910507202
0.00309300422668
0.00283312797546
0.00224804878235
0.00296092033386
0.003014087677
0.00218510627747
0.00285315513611
0.00354409217834
0.00219511985779
0.0031590461731
0.00305199623108
0.00206398963928
0.00297904014587
0.00304985046387
0.00210285186768
0.00298690795898
0.00294494628906
0.00206184387207
0.00295400619507
0.00292205810547
0.00210213661194
0.00295901298523
0.0040500164032
0.00221490859985
0.00280404090881
0.00285410881042
0.00211095809937
0.003084897995
0.00287199020386
0.00212788581848
0.00290203094482
0.00308799743652
0.00204515457153
0.00295996665955
0.00282502174377
0.00211501121521
0.00295901298523
0.00292682647705
0.00253796577454
0.00297904014587
0.0030369758606
0.00207710266113
0.00294804573059
0.00287318229675
0.00192999839783
0.00385403633118
0.00274205207825
0.00201511383057
0.00287103652954
0.00271320343018
0.0020170211792
0.0027551651001
0.00276398658752
0.00189900398254
0.00330090522766
0.00282096862793
0.00212693214417
0.0027379989624
0.00290703773499
0.00209879875183
0.0028989315033
0.00305986404419
0.00202107429504
0.00283694267273
0.00264191627502
0.00199484825134
0.00257587432861
0.00295901298523
0.00193405151367
0.00335907936096
0.00281715393066
0.00190901756287
0.00285291671753
0.00271010398865
0.00193500518799
0.00272393226624
0.00293302536011
0.00181889533997
0.00309801101685
0.00316381454468
0.00191688537598
0.00322890281677
0.00329804420471
0.00187802314758
0.00318789482117
0.00386786460876
0.00195288658142
0.00334095954895
0.0031898021698
0.00230193138123
0.00335001945496
0.00327587127686
0.0022120475769
0.0032000541687
0.00313901901245
0.0022349357605
0.00311493873596
0.00316190719604
0.0022668838501
0.00306391716003
0.00341296195984
0.00223994255066
0.0030689239502
0.0029628276825
0.00221395492554
0.00308513641357
0.00302720069885
0.00217604637146
0.00304293632507
0.0030689239502
0.00210380554199
0.00302600860596
0.00302290916443
0.00206589698792
0.00294399261475
0.00307512283325
0.00247311592102
0.00331020355225
0.0031270980835
0.00199794769287
0.00302195549011
0.00292491912842
0.00197696685791
0.00294399261475
0.00291299819946
0.00206184387207
0.00290703773499
0.00276303291321
0.00223898887634
0.00286889076233
0.00275301933289
0.00243806838989
0.00289607048035
0.0028350353241
0.00208687782288
0.00361204147339
0.00307583808899
0.00194191932678
0.00291204452515
0.00288796424866
0.00201606750488
0.00294613838196
0.00298810005188
0.00207495689392
0.00297999382019
0.00290107727051
0.00204801559448
0.00341987609863
0.00283789634705
0.0021858215332
0.00272703170776
0.00282001495361
0.00206923484802
0.00272488594055
0.00270199775696
0.00199604034424
0.00281596183777
0.00268197059631
0.00220394134521
0.00279521942139
0.00278496742249
0.00219917297363
0.00298619270325
0.0027539730072
0.00217604637146
0.00276589393616
0.00246000289917
0.00206589698792
0.00274991989136
0.00286197662354
0.00206208229065
0.00289607048035
0.00270009040833
0.00238704681396
0.00315284729004
0.00309801101685
0.00235915184021
0.00311803817749
0.00372004508972
0.00231289863586
0.00313687324524
0.00311899185181
0.00222301483154
0.00313401222229
0.00295114517212
0.00214505195618
0.00284600257874
0.00291204452515
0.00215196609497
0.00279688835144
0.00312685966492
0.00226593017578
0.00292301177979
0.00338506698608
0.00225400924683
0.00308299064636
0.00307393074036
0.00219798088074
0.0030529499054
0.00278186798096
0.00222897529602
0.00294089317322
0.00303888320923
0.00221586227417
0.00307393074036
0.00302910804749
0.00218176841736
0.00459003448486
0.00461792945862
0.00243401527405
0.00337100028992
0.00340485572815
0.00280499458313
0.00339889526367
0.00317907333374
0.00278782844543
0.00323390960693
0.00312089920044
0.00279498100281
0.00348091125488
0.00320315361023
0.00283980369568
0.00310587882996
0.00308895111084
0.00327110290527
0.00311279296875
0.00298714637756
0.00268888473511
0.00305104255676
0.00281596183777
0.00285696983337
0.00302195549011
0.00298285484314
0.00273108482361
0.0028932094574
0.00286507606506
0.00283479690552
0.00298404693604
0.00310397148132
0.00411796569824
0.00354385375977
0.00306010246277
0.00325918197632
0.00297617912292
0.00285005569458
0.00271987915039
0.00288915634155
0.00298500061035
0.00270795822144
0.00298309326172
0.00296711921692
0.00271582603455
0.00293397903442
0.00305795669556
0.0027871131897
0.00370383262634
0.00295400619507
0.0023980140686
0.00300717353821
0.00301194190979
0.00280284881592
0.00302004814148
0.00294399261475
0.00274515151978
0.00295996665955
0.00285410881042
0.00283598899841
0.00289106369019
0.00294709205627
0.00646591186523
0.00294899940491
0.00330996513367
0.0028030872345
0.00300693511963
0.00303792953491
0.00632405281067
0.00303888320923
0.00307488441467
0.00267100334167
0.00341391563416
0.00294995307922
0.002769947052
0.00303602218628
0.00304794311523
0.00265693664551
0.00306987762451
0.00330209732056
0.00248908996582
0.00295400619507
0.00290417671204
0.00232815742493
0.00307106971741
0.00340986251831
0.00268602371216
0.00324201583862
0.00300097465515
0.00791597366333
0.00324010848999
0.00296902656555
0.00569415092468
0.0035560131073
0.00339102745056
0.00316190719604
0.00345206260681
0.00333499908447
0.00291395187378
0.00321292877197
0.00328588485718
0.00607991218567
0.00322890281677
0.00326681137085
0.0090069770813
0.00365400314331
0.00332188606262
0.00670695304871
0.0034019947052
0.0032320022583
0.00308609008789
0.00354504585266
0.00321102142334
0.00930500030518
0.00326895713806
0.00323605537415
0.00613617897034
0.00330781936646
0.00307703018188
0.00567293167114
0.00334596633911
0.00320506095886
0.00933790206909
0.00338411331177
0.00312519073486
0.00943303108215
0.00370192527771
0.00336098670959
0.0111389160156
0.00321483612061
0.00313901901245
0.00272488594055
0.00314998626709
0.0033848285675
0.00302314758301
0.00342106819153
0.00312185287476
0.00500893592834
0.00324511528015
0.00297498703003
0.00941896438599
0.00371313095093
0.00293684005737
0.00584387779236
0.0029730796814
0.00318503379822
0.00237107276917
0.00317883491516
0.00302910804749
0.00728011131287
0.00316190719604
0.00309896469116
0.00279092788696
0.00311684608459
0.00337290763855
0.00999212265015
0.00311207771301
0.00358009338379
0.0027871131897
0.00324392318726
0.00329685211182
0.0027539730072
0.0032320022583
0.00321006774902
0.00279521942139
0.00330805778503
0.00296306610107
0.00264716148376
0.00304818153381
0.00289821624756
0.00892400741577
0.00303792953491
0.0034499168396
0.00683903694153
0.00300097465515
0.00291204452515
0.00873398780823
0.00303292274475
0.00297689437866
0.00264692306519
0.0031750202179
0.00300717353821
0.00906610488892
0.0029239654541
0.0029149055481
0.0102438926697
0.00324201583862
0.0042450428009
0.00273108482361
0.00335383415222
0.00327110290527
0.00262093544006
0.00319194793701
0.00323295593262
0.00250697135925
0.00309205055237
0.00312995910645
0.00268006324768
0.00316405296326
0.00315713882446
0.00814986228943
0.00327396392822
0.00323891639709
0.0141298770905
0.00328612327576
0.00325512886047
0.0247609615326
0.00347185134888
0.00330305099487
0.00254416465759
0.00332999229431
0.00328397750854
0.0442869663239
0.00338196754456
0.00345182418823
0.0250420570374
0.00347685813904
0.00321698188782
0.0534250736237
0.00390410423279
0.00344491004944
0.0326099395752
0.00340294837952
0.00342607498169
0.0171759128571
0.00353693962097
0.00332307815552
0.0330641269684
0.00361299514771
0.00343990325928
0.021045923233
0.00363802909851
0.00338816642761
0.00884985923767
0.0038800239563
0.00348997116089
0.0446410179138
0.00359416007996
0.00324511528015
0.0023238658905
0.00352001190186
0.00328302383423
0.00247812271118
0.00339984893799
0.00331902503967
0.00230503082275
0.00328516960144
0.00318598747253
0.00233101844788
0.00332593917847
0.00380301475525
0.0022611618042
0.00312685966492
0.00320982933044
0.00230813026428
0.00316309928894
0.00337386131287
0.0024471282959
0.00346112251282
0.00322985649109
0.00247597694397
0.00328207015991
0.0031750202179
0.00247311592102
0.00334405899048
0.0035400390625
0.00245690345764
0.0034499168396
0.00307893753052
0.00244688987732
0.0031259059906
0.00317811965942
0.00232815742493
0.00315618515015
0.00309920310974
0.00237011909485
0.00300002098083
0.00310802459717
0.00234603881836
0.00306987762451
0.0030369758606
0.00286102294922
0.00322103500366
0.00305008888245
0.00238299369812
0.00322103500366
0.00311088562012
0.00237107276917
0.00329995155334
0.00313806533813
0.00243306159973
0.00304508209229
0.00304889678955
0.00244808197021
0.00301098823547
0.00295805931091
0.00285005569458
0.00315284729004
0.00321793556213
0.00225806236267
0.0033540725708
0.00314807891846
0.00237202644348
0.0032069683075
0.00313782691956
0.0024209022522
0.00308895111084
0.00313210487366
0.00246095657349
0.00312209129333
0.00295090675354
0.00237202644348
0.00371980667114
0.00312209129333
0.00244617462158
0.00304579734802
0.00318312644958
0.00240707397461
0.0029411315918
0.00317597389221
0.00259780883789
0.00300192832947
0.0030529499054
0.00232005119324
0.00313782691956
0.00311613082886
0.00324702262878
0.00365996360779
0.00317907333374
0.0024950504303
0.00330090522766
0.00318193435669
0.00244998931885
0.00313496589661
0.00296092033386
0.0024619102478
0.00322008132935
0.00308084487915
0.00242304801941
0.00319314002991
0.00306081771851
0.0024631023407
0.00305604934692
0.00360202789307
0.00249600410461
0.00303816795349
0.00288605690002
0.00249195098877
0.00307989120483
0.00308203697205
0.00239586830139
0.00320100784302
0.00318694114685
0.00236296653748
0.00352787971497
0.00332689285278
0.00239205360413
0.00325393676758
0.00363302230835
0.00222182273865
0.00303196907043
0.00277900695801
0.00219702720642
0.00293111801147
0.00311613082886
0.00199294090271
0.00314593315125
0.0030038356781
0.00237488746643
0.00294804573059
0.00306010246277
0.00240778923035
0.00301384925842
0.00394606590271
0.00241708755493
0.00298619270325
0.00300097465515
0.00200510025024
0.00288200378418
0.00286388397217
0.00226807594299
0.00283789634705
0.00301313400269
0.00239396095276
0.00278902053833
0.00278806686401
0.00231218338013
0.00289106369019
0.00280499458313
0.00283002853394
0.00275087356567
0.0026957988739
0.00344586372375
0.00305199623108
0.0029571056366
0.00258493423462
0.00271987915039
0.00258994102478
0.00724506378174
0.00262522697449
0.00251507759094
0.00509905815125
0.00292682647705
0.00260090827942
0.00256586074829
0.00324583053589
0.0025749206543
0.00279593467712
0.00305795669556
0.00281095504761
0.00226306915283
0.00300598144531
0.00301909446716
0.00252103805542
0.00310111045837
0.00298810005188
0.00262498855591
0.00306510925293
0.00266098976135
0.00246381759644
0.00342607498169
0.00301504135132
0.00248003005981
0.00280594825745
0.00291705131531
0.00242495536804
0.00307703018188
0.00295495986938
0.00241994857788
0.00298690795898
0.00285887718201
0.00256991386414
0.00299096107483
0.00289916992188
0.00256299972534
0.00292682647705
0.00348091125488
0.00931406021118
0.00314903259277
0.00283598899841
0.00605392456055
0.00288796424866
0.0027539730072
0.0102250576019
0.00277090072632
0.00265693664551
0.00246000289917
0.00280404090881
0.00302696228027
0.0113370418549
0.00287294387817
0.0036289691925
0.00383687019348
0.00320911407471
0.00315618515015
0.00640416145325
0.00313997268677
0.00289416313171
0.00265288352966
0.00304102897644
0.00290703773499
0.00936698913574
0.00283098220825
0.00314688682556
0.00585794448853
0.00275015830994
0.00284099578857
0.00275087356567
0.00299406051636
0.00309014320374
0.00556492805481
0.00286197662354
0.0028829574585
0.0101888179779
0.00285887718201
0.00277900695801
0.00632095336914
0.00294899940491
0.00283408164978
0.00643706321716
0.002934217453
0.0028440952301
0.0106649398804
0.00293302536011
0.0027379989624
0.00243306159973
0.00291013717651
0.00276494026184
0.00560688972473
0.00283288955688
0.00290393829346
0.00239777565002
0.00324606895447
0.00264000892639
0.00582313537598
0.0029079914093
0.00270795822144
0.00238609313965
0.00327110290527
0.00287199020386
0.0060019493103
0.00264406204224
0.00297999382019
0.00196886062622
0.00271701812744
0.00278401374817
0.00201296806335
0.00283002853394
0.00401401519775
0.00211000442505
0.00307321548462
0.00269889831543
0.0100300312042
0.00323510169983
0.00279402732849
0.00232601165771
0.00276803970337
0.00287699699402
0.00593495368958
0.00267910957336
0.0027871131897
0.0019690990448
0.00295805931091
0.00286412239075
0.0066978931427
0.00303792953491
0.00288605690002
0.00594902038574
0.00302982330322
0.00352692604065
0.00534796714783
0.00318717956543
0.00287008285522
0.00995206832886
0.00282502174377
0.00278210639954
0.0263919830322
0.00291109085083
0.00283813476562
0.00220608711243
0.00279211997986
0.0027060508728
0.00225496292114
0.00266909599304
0.00333905220032
0.0021059513092
0.00279808044434
0.00291013717651
0.00215697288513
0.00280284881592
0.00277805328369
0.00202918052673
0.00274109840393
0.00265312194824
0.00199103355408
0.00276184082031
0.0026490688324
0.00201392173767
0.00277781486511
0.00386905670166
0.00203514099121
0.00272989273071
0.00264096260071
0.00205206871033
0.00255703926086
0.00260782241821
0.00198888778687
0.00270700454712
0.00254011154175
0.00222516059875
0.00255799293518
0.00256180763245
0.00220894813538
0.00256419181824
0.00256705284119
0.00279307365417
0.00265288352966
0.0024528503418
0.00209879875183
0.00255703926086
0.00262713432312
0.00208401679993
0.00291991233826
0.00281310081482
0.00207901000977
0.00267791748047
0.00256419181824
0.00207996368408
0.00476288795471
0.00386500358582
0.00233602523804
0.00367093086243
0.00260782241821
0.00230598449707
0.00286293029785
0.00265884399414
0.00218486785889
0.00283885002136
0.00283694267273
0.00210499763489
0.00263714790344
0.00282001495361
0.00209093093872
0.00305795669556
0.00285887718201
0.00214791297913
0.0034031867981
0.00269889831543
0.00212597846985
0.00294089317322
0.00298285484314
0.00204682350159
0.00285410881042
0.00296998023987
0.00204586982727
0.00293493270874
0.00299787521362
0.00201678276062
0.0028440952301
0.00318598747253
0.00200080871582
0.00279998779297
0.00375890731812
0.00198197364807
0.00312495231628
0.00287699699402
0.00198197364807
0.00286388397217
0.00294089317322
0.00200295448303
0.00300812721252
0.00270485877991
0.00197601318359
0.00279712677002
0.0026581287384
0.00199103355408
0.00277018547058
0.00319194793701
0.00192379951477
0.00368595123291
0.00313901901245
0.00230693817139
0.0030369758606
0.00291013717651
0.00220990180969
0.00300407409668
0.00268912315369
0.00221300125122
0.00289678573608
0.00256204605103
0.00215291976929
0.00279307365417
0.00270104408264
0.00267100334167
0.00281000137329
0.00281620025635
0.00213193893433
0.00268793106079
0.00249814987183
0.00204706192017
0.00270581245422
0.00266003608704
0.00211501121521
0.00280594825745
0.00282716751099
0.00209093093872
0.00279402732849
0.00286912918091
0.00247812271118
0.00289511680603
0.00276803970337
0.00209283828735
0.00268507003784
0.00265002250671
0.00201010704041
0.00256896018982
0.00273609161377
0.00201606750488
0.002849817276
0.00282096862793
0.00224709510803
0.0027379989624
0.00282597541809
0.0023250579834
0.00328207015991
0.0027801990509
0.00232601165771
0.00271391868591
0.00264096260071
0.00221991539001
0.00277209281921
0.00273299217224
0.00214505195618
0.00256586074829
0.00248789787292
0.00217700004578
0.00259590148926
0.00260090827942
0.00219893455505
0.00324988365173
0.00259900093079
0.00216889381409
0.00271201133728
0.00258302688599
0.00213098526001
0.0027379989624
0.00278282165527
0.00206089019775
0.00304698944092
0.00278306007385
0.00209307670593
0.00283193588257
0.00308895111084
0.00207591056824
0.00274801254272
0.00338387489319
0.00212502479553
0.00302314758301
0.00293207168579
0.00206589698792
0.00310611724854
0.00293493270874
0.00210905075073
0.00271606445312
0.00272798538208
0.00216794013977
0.00301718711853
0.00303387641907
0.00207901000977
0.0029571056366
0.00350308418274
0.00216794013977
0.00305008888245
0.0028510093689
0.00219893455505
0.00286483764648
0.00287508964539
0.00223803520203
0.00279498100281
0.00282096862793
0.00221109390259
0.00284385681152
0.00264477729797
0.0020968914032
0.00276589393616
0.00381183624268
0.00219392776489
0.00269389152527
