0.00750303268433
0.00215411186218
0.00164604187012
0.00207185745239
0.00209808349609
0.00189399719238
0.00220513343811
0.00210905075073
0.00189781188965
0.0020649433136
0.00207281112671
0.00190997123718
0.00209212303162
0.00224995613098
0.0115830898285
0.00279808044434
0.00216913223267
0.00228905677795
0.00270199775696
0.00345206260681
0.00222611427307
0.00291299819946
0.00271582603455
0.00250506401062
0.00277400016785
0.00275182723999
0.00262904167175
0.00284695625305
0.00278806686401
0.00283193588257
0.00277090072632
0.00267004966736
0.00246715545654
0.00277900695801
0.00270009040833
0.0075900554657
0.00573587417603
0.00588297843933
0.00836110115051
0.00403499603271
0.00746583938599
0.00847792625427
0.00303792953491
0.00924897193909
0.00239992141724
0.00652599334717
0.00693106651306
0.00348401069641
0.00856709480286
0.00789999961853
0.00354504585266
0.00847506523132
0.00566601753235
0.00596714019775
0.00830411911011
0.00796818733215
0.00373101234436
0.00854301452637
0.0076949596405
0.00750398635864
0.0405261516571
0.0644280910492
0.063894033432
0.0030300617218
0.00284504890442
0.00865817070007
0.00280714035034
0.00285196304321
0.00210809707642
0.00273084640503
0.00277996063232
0.00241017341614
0.00413799285889
0.00290703773499
0.00236582756042
0.00316381454468
0.00266695022583
0.00234198570251
0.00272393226624
0.0415089130402
0.00218200683594
0.00932192802429
0.00297379493713
0.00294089317322
0.00274395942688
0.00264692306519
0.00250601768494
0.00287413597107
0.00310707092285
0.00246405601501
0.00595712661743
0.00520706176758
0.00664114952087
0.00809693336487
0.00792598724365
0.00463604927063
0.00744295120239
0.0079128742218
0.0239338874817
0.00812602043152
0.0365171432495
0.00735902786255
0.00428795814514
0.00769209861755
0.00783586502075
0.00454711914062
0.00759220123291
0.00798797607422
0.00795698165894
0.0241370201111
0.00443506240845
0.00512099266052
0.00554203987122
0.0022509098053
0.09699010849
0.00601005554199
0.0198400020599
0.187746047974
0.0164859294891
0.0282428264618
0.147307872772
0.0243449211121
0.0358500480652
0.0836811065674
0.00834107398987
0.0279130935669
0.0757119655609
0.0203771591187
0.0359721183777
0.0596199035645
0.0325059890747
0.019788980484
0.0280480384827
0.0119240283966
0.0118200778961
0.113290071487
0.00304484367371
0.00236201286316
0.0453369617462
0.00291180610657
0.00212907791138
0.0405309200287
0.0028920173645
0.00763988494873
0.0245981216431
0.00286507606506
0.00267004966736
0.00500988960266
0.00267815589905
0.00257205963135
0.00791001319885
0.00336408615112
0.00258708000183
0.00396513938904
0.00281500816345
0.00254702568054
0.00310015678406
0.0027539730072
0.00213694572449
0.00984811782837
0.00280594825745
0.0024619102478
0.00474810600281
0.00282192230225
0.00249886512756
0.00389099121094
0.0031681060791
0.00249195098877
0.011225938797
0.00271582603455
0.00193691253662
0.0054759979248
0.002681016922
0.00234985351562
0.00737404823303
0.0028510093689
0.00199294090271
0.00655603408813
0.0026171207428
0.00188899040222
0.00551819801331
0.0025839805603
0.00261187553406
0.00583505630493
0.00299000740051
0.0023729801178
0.0096321105957
0.00264096260071
0.00238990783691
0.00695586204529
0.00256490707397
0.00227093696594
0.00710391998291
0.00253796577454
0.00216889381409
0.00554800033569
0.00252413749695
0.00214695930481
0.0421659946442
0.00305509567261
0.00255513191223
0.00645804405212
0.00291085243225
0.00219702720642
0.006667137146
0.00302195549011
0.00232291221619
0.00460314750671
0.00279307365417
0.00235676765442
0.0280690193176
0.00263714790344
0.00451302528381
0.00933313369751
0.00269412994385
0.00890111923218
0.0079870223999
0.00262808799744
0.0053448677063
0.00605893135071
0.00254702568054
0.0054988861084
0.00587892532349
0.00247812271118
0.00938701629639
0.00433707237244
0.00243401527405
0.00527191162109
0.00571298599243
0.00284099578857
0.00211596488953
0.00506901741028
0.0024049282074
0.00210094451904
0.0074520111084
0.00237202644348
0.00205302238464
0.00234985351562
0.00232601165771
0.00194191932678
0.00242400169373
0.00232315063477
0.00204801559448
0.00203704833984
0.00263595581055
0.00167894363403
0.0020899772644
0.00234603881836
0.00203680992126
0.00206995010376
0.00243186950684
0.00206017494202
0.00278997421265
0.00226402282715
0.00199007987976
0.00201416015625
0.002277135849
0.00162291526794
0.00253200531006
0.00297713279724
0.00199317932129
0.0019850730896
0.00227785110474
0.00194787979126
0.00200700759888
0.00222301483154
0.00191688537598
0.00198197364807
0.00226998329163
0.00155901908875
0.00201106071472
0.00215888023376
0.0016028881073
0.00198888778687
0.00246500968933
0.00200009346008
0.00217604637146
0.002121925354
0.00189089775085
0.00193381309509
0.00216388702393
0.00163292884827
0.00197410583496
0.00213718414307
0.00192809104919
0.00195717811584
0.00206589698792
0.00194382667542
0.00197291374207
0.00214004516602
0.00160312652588
0.00235509872437
0.0021870136261
0.00203895568848
0.0313379764557
0.00239706039429
0.00223088264465
0.00262713432312
0.00297594070435
0.00255393981934
0.00261688232422
0.00313282012939
0.00227999687195
0.00253295898438
0.00290107727051
0.00212597846985
0.0042519569397
0.00301814079285
0.00244307518005
0.00278997421265
0.00262904167175
0.00238394737244
0.00847911834717
0.00268411636353
0.00199198722839
0.00688505172729
0.00273895263672
0.00236701965332
0.00383591651917
0.00259399414062
0.00239396095276
0.00515985488892
0.00534200668335
0.00307393074036
0.00702404975891
0.00265502929688
0.00238108634949
0.00685000419617
0.0024209022522
0.0023078918457
0.00717997550964
0.00236201286316
0.00225520133972
0.00618314743042
0.00240087509155
0.00227808952332
0.00544404983521
0.0024139881134
0.00266194343567
0.0048999786377
0.0093789100647
0.00225710868835
0.00568914413452
0.00260210037231
0.00261902809143
0.00794005393982
0.0071439743042
0.00241208076477
0.00917601585388
0.00909805297852
0.00248694419861
0.0163130760193
0.00377202033997
0.00839614868164
0.0117270946503
0.00826501846313
0.00789499282837
0.00772714614868
0.00610303878784
0.00616121292114
0.00773096084595
0.0061719417572
0.00610303878784
0.00769281387329
0.00634789466858
0.00687193870544
0.0107469558716
0.00875782966614
0.00397706031799
0.0155699253082
0.00340986251831
0.00754690170288
0.00384712219238
0.00302004814148
0.00239181518555
0.0399150848389
0.00328993797302
0.0169310569763
0.0477809906006
0.00300693511963
0.00913500785828
0.0363988876343
0.00269889831543
0.00248694419861
0.00253796577454
0.0030210018158
0.00232315063477
0.00352907180786
0.00288605690002
0.00259900093079
0.00226998329163
0.00286293029785
0.00249314308167
0.00225901603699
0.00288701057434
0.00225901603699
0.00278115272522
0.0028121471405
0.00220894813538
0.00217700004578
0.00272607803345
0.00290894508362
0.0427129268646
0.00288200378418
0.00252604484558
0.00654602050781
0.00271081924438
0.00232601165771
0.00200605392456
0.00266909599304
0.00241184234619
0.00203585624695
0.0028829574585
0.00239515304565
0.00724411010742
0.00275707244873
0.00240206718445
0.00248503684998
0.00287103652954
0.0023410320282
0.00204110145569
0.00261902809143
0.00197291374207
0.00557780265808
0.00262594223022
0.00552797317505
0.00791501998901
0.00257110595703
0.00547790527344
0.0157511234283
0.00257205963135
0.00218605995178
0.00219988822937
0.00258183479309
0.00219392776489
0.00823998451233
0.00243997573853
0.00215291976929
0.00559091567993
0.00251817703247
0.0021390914917
0.00586295127869
0.00250911712646
0.00207901000977
0.010617017746
0.00250506401062
0.0021550655365
0.0488448143005
0.0028989315033
0.00219488143921
0.0818870067596
0.00297713279724
0.00923299789429
0.0228929519653
0.0029821395874
0.00275087356567
0.00219917297363
0.00302815437317
0.00260305404663
0.0404169559479
0.00301504135132
0.0379889011383
0.0857989788055
0.0030210018158
0.00739908218384
0.00377202033997
0.00295805931091
0.00267291069031
0.00694799423218
0.00276803970337
0.00252890586853
0.00781083106995
0.00283098220825
0.00253081321716
0.00492405891418
0.0028030872345
0.00247478485107
0.00473189353943
0.00271201133728
0.00284504890442
0.0135598182678
0.002760887146
0.00243091583252
0.00722694396973
0.00263619422913
0.00549697875977
0.00519013404846
0.00268316268921
0.00232005119324
0.0022120475769
0.00258898735046
0.00842809677124
0.00828814506531
0.00248718261719
0.00568699836731
0.0121109485626
0.00266814231873
0.00519895553589
0.0117619037628
0.002601146698
0.00557112693787
0.0117831230164
0.00249099731445
0.00567388534546
0.0117800235748
0.00243186950684
0.00208210945129
0.00734996795654
0.00242614746094
0.00214099884033
0.00773406028748
0.00289297103882
0.00507593154907
0.00798797607422
0.00242710113525
0.00557208061218
0.00621891021729
0.0024619102478
0.00202894210815
0.00556015968323
0.00234293937683
0.00530290603638
0.0429978370667
0.00303101539612
0.00281000137329
0.0396549701691
0.00354194641113
0.0129051208496
0.0755090713501
0.00312399864197
0.00267887115479
0.030935049057
0.003014087677
0.00217700004578
0.00239086151123
0.0029501914978
0.00263595581055
0.00640797615051
0.00286197662354
0.00216889381409
4.52389788628
0.00344109535217
0.00349521636963
0.00540709495544
0.00306582450867
0.00270295143127
0.00240397453308
0.0028018951416
0.00216293334961
0.0121359825134
0.00282716751099
0.00220417976379
0.0024049282074
0.00289392471313
0.00255298614502
0.00221300125122
0.0029559135437
0.00251507759094
0.00261998176575
0.00298714637756
0.00251698493958
0.00207805633545
0.00274896621704
0.00241279602051
0.00198197364807
0.00269198417664
0.00243997573853
0.00199699401855
0.00258994102478
0.00232791900635
0.00187706947327
0.00274991989136
0.00242209434509
0.00233912467957
0.0027129650116
0.00231003761292
0.00188899040222
0.00266599655151
0.002277135849
0.00182199478149
0.00258803367615
0.00186991691589
0.00181889533997
0.00252294540405
0.002277135849
0.00174593925476
0.00312185287476
0.0025110244751
0.00195217132568
0.00288987159729
0.00224304199219
0.00174522399902
0.00258088111877
0.00190305709839
0.00174808502197
0.00247597694397
0.00227499008179
0.0017991065979
0.00243711471558
0.00216388702393
0.00185394287109
0.00246715545654
0.00224804878235
0.00178694725037
0.00244688987732
0.00266289710999
0.00180506706238
0.00244688987732
0.00215911865234
0.00173115730286
0.00256896018982
0.00215291976929
0.00171780586243
0.00250101089478
0.00218200683594
0.00173687934875
0.00257301330566
0.00214099884033
0.00164294242859
0.00262784957886
0.00546789169312
0.00178098678589
0.002436876297
0.00232100486755
0.00178503990173
0.0025749206543
0.00233101844788
0.00854396820068
0.00241923332214
0.00230193138123
0.00365114212036
0.00254106521606
0.00233101844788
0.00180077552795
0.00251698493958
0.00292301177979
0.00268697738647
0.00240898132324
0.00182485580444
0.00178098678589
0.00234484672546
0.00200295448303
0.00649809837341
0.0023729801178
0.00180315971375
0.00745010375977
0.00225305557251
0.00208687782288
0.00580906867981
0.00222182273865
0.0020580291748
0.00198888778687
0.00281691551208
0.00201892852783
0.00683903694153
0.00232195854187
0.00221681594849
0.00750303268433
0.00226998329163
0.00206708908081
0.00562906265259
0.00226902961731
0.00200009346008
0.00191307067871
0.00413393974304
0.00788593292236
0.00892090797424
0.00323104858398
0.00229692459106
0.00188684463501
0.00252103805542
0.00222206115723
0.00185108184814
0.00251007080078
0.00192499160767
0.00515794754028
0.00242185592651
0.00230407714844
0.00184082984924
0.00249290466309
0.00224900245667
0.00203084945679
0.0038480758667
0.00376892089844
0.0018310546875
0.00263381004333
0.0023341178894
0.00183320045471
0.00259518623352
0.00227117538452
0.00180912017822
0.00240802764893
0.00192713737488
0.00191497802734
0.00268507003784
0.00220608711243
0.00172019004822
0.00233912467957
0.00214791297913
0.00227403640747
0.00247597694397
0.00207686424255
0.00172090530396
0.00229406356812
0.00211000442505
0.00172901153564
0.00244188308716
0.00214695930481
0.00168609619141
0.00245881080627
0.00206589698792
0.0021800994873
0.00321698188782
0.00271797180176
0.00274991989136
0.00291299819946
0.00236320495605
0.00227212905884
0.00275278091431
0.00254416465759
0.00226902961731
0.00273704528809
0.00202393531799
1.92217803001
0.00337290763855
0.00270485877991
1.22095894814
0.00320196151733
0.00289392471313
0.578830957413
0.00350403785706
0.00272512435913
0.00242495536804
0.00295114517212
0.00216817855835
0.702007055283
0.00325584411621
0.00285196304321
0.00243210792542
0.00308394432068
0.00250196456909
0.833888053894
0.0031270980835
0.00289702415466
0.00239992141724
0.00295400619507
0.00313496589661
6.43364191055
0.0123338699341
0.00249600410461
0.00292587280273
0.00295686721802
0.00264406204224
0.00261521339417
0.00281596183777
0.00261998176575
0.00255393981934
0.00299596786499
0.00266885757446
0.00266098976135
0.00326204299927
0.00299501419067
0.00260376930237
0.00308513641357
0.0024790763855
0.00260400772095
0.00296020507812
0.00250005722046
0.00253391265869
0.00288605690002
0.0025360584259
0.00244903564453
0.0028600692749
0.00252795219421
0.00240993499756
0.00299692153931
0.00253391265869
0.00307106971741
0.00286507606506
0.0024311542511
0.00387907028198
0.00284218788147
0.00509905815125
0.00243091583252
0.00264120101929
0.00241994857788
0.00230312347412
0.00370907783508
0.00257015228271
0.0034191608429
0.0029821395874
0.00243997573853
0.0024688243866
0.00337886810303
0.00251197814941
0.00240683555603
0.00276803970337
0.00237393379211
0.00395178794861
0.00287008285522
0.00240993499756
0.00214505195618
0.00276803970337
0.00241088867188
0.00231981277466
0.00268697738647
0.00237512588501
0.00232410430908
0.0031909942627
0.00231385231018
0.00220894813538
0.0026478767395
0.00224900245667
0.00215005874634
0.00267100334167
0.00220489501953
0.00225901603699
0.00259804725647
0.00215482711792
0.00187182426453
0.00241088867188
0.00229096412659
0.00229001045227
0.00435590744019
0.0021710395813
0.00211596488953
0.00243806838989
0.00209212303162
0.00208806991577
0.00244092941284
0.00213193893433
0.00200986862183
0.00232410430908
0.00208115577698
0.00222301483154
0.00231099128723
0.00181412696838
0.00165796279907
0.0024950504303
0.00209188461304
0.00220108032227
0.00247097015381
0.00202512741089
0.00162410736084
0.00231099128723
0.00209403038025
0.00162100791931
0.00236511230469
0.00173401832581
0.00158500671387
0.00224208831787
0.00198316574097
0.00173687934875
0.0270130634308
0.00247597694397
0.00292491912842
0.00301218032837
0.00251507759094
0.00387001037598
0.00293183326721
0.00249195098877
0.00593400001526
0.00286602973938
0.00240397453308
0.00201106071472
0.00274896621704
0.00242304801941
0.00341200828552
0.00288701057434
0.00241494178772
0.00206184387207
0.00322604179382
0.00233006477356
0.00492310523987
0.00278306007385
0.00228214263916
0.00692701339722
0.00274300575256
0.00232911109924
0.00518393516541
0.00278878211975
0.00225806236267
0.00557494163513
0.00254797935486
0.00206112861633
0.00420594215393
0.0027289390564
0.00296211242676
0.00300979614258
0.00272798538208
0.00253796577454
0.00682711601257
0.00262713432312
0.00249600410461
0.00203704833984
0.00241780281067
0.00215196609497
0.00581502914429
0.00250196456909
0.00231409072876
0.00820899009705
0.00718283653259
0.00277304649353
0.00202703475952
0.00277900695801
0.00234699249268
0.00228190422058
0.00263905525208
0.00231099128723
0.00189590454102
0.00262808799744
0.00233221054077
0.0135579109192
0.00262498855591
0.00223588943481
0.0020010471344
0.00247192382812
0.00310707092285
0.00224614143372
0.00259113311768
0.00221395492554
0.00225591659546
0.00253415107727
0.00217509269714
0.00178098678589
0.0024938583374
0.002112865448
0.00521087646484
0.00243282318115
0.00214195251465
0.0065541267395
0.00249099731445
0.00213098526001
0.0017421245575
0.00296306610107
0.00202298164368
0.00176000595093
0.00245714187622
0.00209188461304
0.00164484977722
0.00240898132324
0.00206112861633
0.00162601470947
0.0023558139801
0.00197887420654
0.00159192085266
0.00234389305115
0.00197696685791
0.00158405303955
0.00258207321167
0.00197696685791
0.00154089927673
0.00225400924683
0.00197792053223
0.00167989730835
0.00230193138123
0.00188803672791
0.00665092468262
0.00219106674194
0.00195121765137
0.00634288787842
0.00282311439514
0.00256204605103
0.00207114219666
0.002769947052
0.00277400016785
0.00198602676392
0.00293183326721
0.00236296653748
0.00309991836548
0.00259113311768
0.00227308273315
0.00595903396606
0.00253105163574
0.00231194496155
0.00714802742004
0.0150928497314
0.00231385231018
0.00354504585266
0.00277590751648
0.00221800804138
0.0109469890594
0.00254702568054
0.00239014625549
0.00514507293701
0.00250816345215
0.00226616859436
0.00187397003174
0.00244212150574
0.00223398208618
0.0385999679565
0.00296592712402
0.00785398483276
0.0198259353638
0.00276899337769
0.00242710113525
0.0025041103363
0.00274991989136
0.00245094299316
0.00708413124084
0.00271797180176
0.002366065979
0.00190687179565
0.00257802009583
0.00234007835388
0.00191211700439
0.00270509719849
0.00228810310364
0.00188207626343
0.00262808799744
0.00227403640747
0.00445580482483
0.00257396697998
0.00222015380859
0.00511407852173
0.0026171207428
0.00229001045227
0.00514507293701
0.00257301330566
0.00234293937683
0.00515413284302
0.00248003005981
0.0021378993988
0.00183796882629
0.00381088256836
0.00610494613647
0.00371813774109
0.0024139881134
0.00265884399414
0.00482392311096
0.00253391265869
0.00202322006226
0.00551795959473
0.00248622894287
0.00197887420654
0.00551199913025
0.00243210792542
0.00203204154968
0.00549292564392
0.00232005119324
0.00200009346008
0.580557107925
0.00315189361572
0.0028669834137
0.00223708152771
0.0037100315094
0.00252199172974
0.589283943176
0.00324106216431
0.00277900695801
0.00234293937683
0.00301790237427
0.00254082679749
0.886294841766
0.00406002998352
0.00276017189026
0.869492053986
0.00324392318726
0.00282597541809
0.0028920173645
0.00293898582458
0.00233101844788
0.609385967255
0.00321507453918
0.00244212150574
0.00285696983337
0.00290322303772
0.00254201889038
0.72976899147
0.00304007530212
0.00292015075684
0.00406217575073
0.00298881530762
0.00275206565857
0.900236129761
0.00379490852356
0.00834989547729
0.887975931168
0.0032958984375
0.00248098373413
0.00248694419861
0.00296497344971
0.00226783752441
0.586682081223
0.00325608253479
0.00344204902649
0.00255107879639
0.00307893753052
0.00267386436462
0.81466794014
0.00372004508972
0.0028510093689
0.0075581073761
0.00591802597046
0.0026650428772
0.00212407112122
0.0027129650116
0.00254893302917
0.00206089019775
0.00277185440063
0.00217390060425
0.00204992294312
0.00276303291321
0.00238704681396
0.00192999839783
0.00264382362366
0.00277781486511
0.0019588470459
0.00261807441711
0.00243401527405
0.00188422203064
0.00271987915039
0.0020580291748
0.00181007385254
0.00249004364014
0.00227284431458
0.00183200836182
0.00258994102478
0.00192189216614
0.00182199478149
0.00249409675598
0.00202393531799
0.00238394737244
0.00248408317566
0.00239205360413
0.00185585021973
0.00258994102478
0.00235319137573
0.00192713737488
0.00253796577454
0.00322198867798
0.00215101242065
0.00272393226624
0.0025520324707
0.00206398963928
0.00266814231873
0.00261092185974
0.00254201889038
0.00274014472961
0.0024790763855
0.00258016586304
0.00262808799744
0.00249004364014
0.00226402282715
0.0028018951416
0.0025908946991
0.00208210945129
0.00300884246826
0.00358510017395
0.00204491615295
0.00284099578857
0.00236511230469
0.0031898021698
0.00304198265076
0.00240302085876
0.00186610221863
0.00262713432312
0.0023410320282
0.0018310546875
0.00263690948486
0.00236105918884
0.00180697441101
0.00255513191223
0.00255608558655
0.00175499916077
0.00239086151123
0.00231981277466
0.00179004669189
0.00235891342163
0.00252604484558
0.00183415412903
0.00242900848389
0.0021870136261
0.00178289413452
0.00245523452759
0.00218296051025
0.00170183181763
0.0025200843811
0.00190591812134
0.00168895721436
0.00234913825989
0.00210499763489
0.00164484977722
0.00230002403259
0.0024721622467
0.00180411338806
0.00228404998779
0.00211215019226
0.00484991073608
0.00249886512756
0.00205302238464
0.00169515609741
0.00228500366211
0.00215101242065
0.00416588783264
0.00220203399658
0.00206804275513
0.00217413902283
0.0023889541626
0.00297498703003
0.00164985656738
0.00221991539001
0.00211405754089
0.00244283676147
0.00218081474304
0.00202393531799
0.00456118583679
0.00216698646545
0.00206089019775
0.00290298461914
0.00213289260864
0.00204491615295
0.00155091285706
0.0021538734436
0.00197386741638
0.0108199119568
0.00233817100525
0.002032995224
0.00167083740234
0.00224995613098
0.00191402435303
0.00328397750854
0.00220394134521
0.00195407867432
0.00588393211365
0.0023717880249
0.00198101997375
0.00569295883179
0.00219798088074
0.00162816047668
0.0062141418457
0.00221109390259
0.00196695327759
0.00642490386963
0.00281810760498
0.00251913070679
0.00203514099121
0.00276517868042
0.00280809402466
0.00317406654358
0.00278806686401
0.0139811038971
0.00238299369812
0.00282692909241
0.00202798843384
0.00845408439636
0.00261211395264
0.002277135849
0.00689005851746
0.00266218185425
0.00234198570251
0.00197792053223
0.00300407409668
0.00251007080078
0.00545501708984
0.00284004211426
0.00215792655945
0.0070960521698
0.00812411308289
0.00398802757263
0.00779700279236
0.00265288352966
0.00242805480957
0.00463700294495
0.00330495834351
0.00213503837585
0.00322699546814
0.00345087051392
0.00237798690796
0.00639510154724
0.00947999954224
0.00783801078796
0.00733304023743
0.00553798675537
0.00713276863098
0.00772094726562
0.00516605377197
0.0070378780365
0.00274682044983
0.00933003425598
0.00778698921204
0.0120899677277
0.00581407546997
0.00650310516357
0.00299501419067
0.00722098350525
0.0023250579834
0.00722980499268
0.00339698791504
0.00967907905579
0.00706100463867
0.00802898406982
0.00535297393799
0.00652098655701
0.00810718536377
0.00592303276062
0.0322828292847
0.00436186790466
0.00948405265808
0.00362515449524
0.00843095779419
0.00783181190491
0.00385594367981
0.00818681716919
0.0079128742218
0.00394892692566
0.00807499885559
0.00782680511475
0.0598449707031
0.00832891464233
0.0962390899658
0.227705001831
0.0724999904633
0.0478439331055
0.0836269855499
0.0282897949219
0.0398690700531
0.047730922699
0.0324151515961
0.00791811943054
0.0605549812317
0.00286388397217
0.00350999832153
0.00889420509338
0.00305914878845
0.00243902206421
0.00541710853577
0.00265979766846
0.00243592262268
0.00494718551636
0.00277709960938
0.00243306159973
0.00484800338745
0.00271391868591
0.0023889541626
0.00487112998962
0.00263500213623
0.00222587585449
0.0052011013031
0.00309205055237
0.00239706039429
0.0165050029755
0.00693917274475
0.00364303588867
0.00833582878113
0.00806879997253
0.00339388847351
0.00840997695923
0.00479602813721
0.00706505775452
0.00442290306091
0.00562691688538
0.00608897209167
0.00407314300537
0.0080029964447
0.00784301757812
0.00388503074646
0.00817012786865
0.00787997245789
0.00393199920654
0.00808095932007
0.00791883468628
0.00400805473328
0.00802803039551
0.00463199615479
0.00718998908997
0.00825810432434
0.0118591785431
0.00793600082397
0.00258898735046
0.00220108032227
0.00710821151733
0.00817489624023
0.00180196762085
0.00600981712341
0.00479507446289
0.00723791122437
0.0079619884491
0.00394701957703
0.0080988407135
0.00385499000549
0.00829410552979
0.00855422019958
0.00717306137085
0.00511693954468
0.00690293312073
0.007896900177
0.0052478313446
0.00681090354919
0.00236988067627
0.00572490692139
0.00505781173706
0.00674891471863
0.0082049369812
0.00364899635315
0.00812888145447
0.00507092475891
0.00701212882996
0.00794005393982
0.0027539730072
0.00186800956726
0.00735688209534
0.00226092338562
0.00184988975525
0.00574803352356
0.00225687026978
0.00184297561646
0.00602197647095
0.00227499008179
0.00184202194214
0.00758409500122
0.00214004516602
0.00193500518799
0.002366065979
0.00398397445679
0.00249004364014
0.0313820838928
0.00297093391418
0.00976991653442
0.00382304191589
0.00273299217224
0.00736093521118
0.0338039398193
0.00274014472961
0.0229349136353
0.146236896515
0.00290703773499
0.00216603279114
0.0589828491211
0.0027289390564
0.002436876297
0.0708589553833
0.00284814834595
0.00218510627747
0.0309538841248
0.00285410881042
0.00216507911682
0.0310120582581
0.00276899337769
0.00211215019226
0.015881061554
0.00265502929688
0.0020649433136
0.00635600090027
0.00265192985535
0.00203394889832
0.00538897514343
0.00280618667603
0.00202512741089
0.00523900985718
0.00278210639954
0.00204992294312
0.00612497329712
0.00272107124329
0.00208210945129
0.00187706947327
0.00262999534607
0.00199484825134
0.00557494163513
0.00264978408813
0.00191307067871
0.0196919441223
0.00260090827942
0.00181794166565
0.00734210014343
0.00264406204224
0.00190997123718
0.0058901309967
0.00255799293518
0.00179719924927
0.00502705574036
0.00246596336365
0.00173902511597
0.00645399093628
0.00242495536804
0.00177192687988
0.00585198402405
0.0027928352356
0.00184488296509
0.00168704986572
0.00249409675598
0.00170803070068
0.00166821479797
0.00233697891235
0.00173401832581
0.00167202949524
0.00242018699646
0.00170302391052
0.00517010688782
0.00276517868042
0.00208210945129
0.00206708908081
0.0028018951416
0.00267195701599
0.00782585144043
0.00276494026184
0.00202584266663
0.00195693969727
0.00266480445862
0.00237989425659
0.0200309753418
0.0026581287384
0.00227618217468
0.00642204284668
0.00260591506958
0.00749897956848
0.0346767902374
0.00285601615906
0.00979614257812
0.0112459659576
0.00269889831543
0.00204706192017
0.00701689720154
0.00258588790894
0.00197100639343
0.0297179222107
0.0027449131012
0.0018630027771
0.00539612770081
0.00282502174377
0.00211596488953
0.0111050605774
0.00272488594055
0.00200891494751
0.00580286979675
0.00274109840393
0.00196719169617
0.0048840045929
0.00260996818542
0.00187706947327
0.0294630527496
0.00267505645752
0.00203084945679
0.037250995636
0.00294494628906
0.00217986106873
0.00328898429871
0.00282096862793
0.00211000442505
0.010694026947
0.00318098068237
0.00211906433105
0.0145840644836
0.00292181968689
0.00227499008179
0.0187819004059
0.0029628276825
0.00221300125122
0.00692296028137
0.0028510093689
0.0021059513092
0.0668981075287
0.00297117233276
0.0022029876709
0.0514271259308
0.00339007377625
0.0021698474884
0.0658550262451
0.00302815437317
0.00222396850586
0.0587160587311
0.00285816192627
0.00216197967529
0.0429699420929
0.00287103652954
0.00219798088074
0.00728607177734
0.00289011001587
0.00213503837585
0.017413854599
0.00469088554382
0.00213289260864
0.00233292579651
0.00289177894592
0.0021710395813
0.00606298446655
0.00296688079834
0.00226402282715
0.00473809242249
0.00278306007385
0.0021059513092
0.0252552032471
0.00298690795898
0.00224304199219
0.00494599342346
0.00285220146179
0.00261688232422
0.0338459014893
0.00298190116882
0.00223088264465
0.00997400283813
0.00284004211426
0.00209999084473
0.0133159160614
0.00311398506165
0.00205612182617
0.00464606285095
0.00281119346619
0.00202512741089
0.0190699100494
0.00268507003784
0.00202894210815
0.00770998001099
0.00280690193176
0.00202989578247
0.0145709514618
0.00265312194824
0.00226497650146
0.00716996192932
0.00278520584106
0.00530791282654
0.00789403915405
0.00263714790344
0.00941395759583
0.0118680000305
0.00249886512756
0.00555992126465
0.00792479515076
0.00345301628113
0.00862097740173
0.007887840271
0.00273203849792
0.00184512138367
0.0538430213928
0.003005027771
0.0022439956665
0.00500202178955
0.00313711166382
0.00217509269714
0.0102508068085
0.00272107124329
0.00206899642944
0.0271489620209
0.00341701507568
0.00226092338562
0.0269799232483
0.00288581848145
0.00220489501953
0.0145719051361
0.00274300575256
0.00212097167969
0.00552892684937
0.00281620025635
0.00205111503601
0.00509786605835
0.00272989273071
0.00201392173767
0.00532293319702
0.00264692306519
0.00236201286316
0.00494408607483
0.00261807441711
0.00194096565247
0.0054919719696
0.0027060508728
0.00195598602295
0.00234985351562
0.0025589466095
0.00186014175415
0.00494909286499
0.00281000137329
0.00187802314758
0.00631308555603
0.00264096260071
0.00182890892029
0.00616002082825
0.00241494178772
0.00175094604492
0.00661516189575
0.00237798690796
0.00175786018372
0.0070378780365
0.00245785713196
0.00167798995972
0.00594401359558
0.00231099128723
0.00172019004822
0.00598907470703
0.00245094299316
0.00171494483948
0.00196599960327
0.00235891342163
0.00246620178223
0.00296211242676
0.00297403335571
0.0026319026947
0.00559496879578
0.0029559135437
0.0025110244751
0.00523710250854
0.00306701660156
0.00255799293518
0.00616788864136
0.00297808647156
0.0026228427887
0.00739312171936
0.00330495834351
0.00262904167175
0.00418281555176
0.00280499458313
0.00264310836792
0.00453209877014
0.00281095504761
0.00224995613098
0.00498509407043
0.00266289710999
0.0023889541626
0.00501608848572
0.00257706642151
0.00202083587646
0.00533294677734
0.00260210037231
0.00288605690002
0.00459694862366
0.00271797180176
0.00247502326965
0.00196313858032
0.00267696380615
0.00234389305115
0.00773787498474
0.00259399414062
0.00430107116699
0.00914597511292
0.00264191627502
0.00550198554993
0.00605893135071
0.00254893302917
0.00260877609253
0.00485396385193
0.00253486633301
0.00768184661865
0.00553584098816
0.00246810913086
0.00559091567993
0.00637698173523
0.00248003005981
0.00212001800537
0.00490307807922
0.00244688987732
0.00176095962524
0.00648307800293
0.00233817100525
0.00738501548767
0.00631499290466
0.00234317779541
0.00209808349609
0.00471496582031
0.0022828578949
0.00581002235413
0.00671696662903
0.00224018096924
0.00177216529846
0.00523900985718
0.00225305557251
0.00863218307495
0.0451109409332
0.00264096260071
0.0094850063324
0.00334286689758
0.00274395942688
0.017425775528
0.0145580768585
0.00276207923889
0.00250101089478
0.0247950553894
0.00273108482361
0.00249695777893
0.0808718204498
0.00296688079834
0.00259900093079
0.0170469284058
0.00289297103882
0.00470900535583
0.0146100521088
0.00339913368225
0.0058000087738
0.0063099861145
0.00288486480713
0.00256991386414
0.00458192825317
0.00270295143127
0.0073881149292
0.00929093360901
0.0026957988739
0.00242805480957
0.0054919719696
0.00264692306519
0.00237107276917
0.00498819351196
0.00299000740051
0.00729489326477
0.00615191459656
0.00257802009583
0.00844097137451
0.00763916969299
0.00247311592102
0.00581097602844
0.00678586959839
0.00249195098877
0.00222897529602
0.00532388687134
0.00232195854187
0.00323390960693
0.00853490829468
0.0023250579834
0.011020898819
0.119807958603
0.0028600692749
0.00452303886414
0.00872397422791
0.00267720222473
0.00211191177368
0.00643992424011
0.00263500213623
0.0175759792328
0.00851392745972
0.00281000137329
0.00249695777893
0.00538015365601
0.00283408164978
0.00258111953735
0.00543403625488
0.00285482406616
0.027312040329
0.00827717781067
0.00290989875793
0.00251293182373
0.00593304634094
0.00316500663757
0.00259709358215
0.00463509559631
0.00284790992737
0.00245809555054
0.0495800971985
0.00295400619507
0.00849294662476
0.0280270576477
0.00281596183777
0.00906300544739
0.0196762084961
0.00271201133728
0.00550007820129
0.0117228031158
0.002690076828
0.00549697875977
0.00664496421814
0.00264501571655
0.00231194496155
0.00405693054199
0.00251698493958
0.00577688217163
0.00783801078796
0.00288009643555
0.00218200683594
0.027172088623
0.00283098220825
0.00262308120728
0.00596618652344
0.0027859210968
0.0100309848785
0.00397515296936
0.00263714790344
0.00745797157288
0.0455269813538
0.00272011756897
0.00555300712585
0.0356729030609
0.00263404846191
0.0137438774109
0.0950767993927
0.00282406806946
0.0023729801178
0.0235779285431
0.00274181365967
0.00243496894836
0.0226697921753
0.00253796577454
0.00557899475098
0.0056300163269
0.00251317024231
0.0026969909668
0.0291950702667
0.00286197662354
0.00583410263062
0.0272362232208
0.00282907485962
0.00756406784058
0.00766491889954
0.00284099578857
0.00255799293518
0.0405080318451
0.00288200378418
0.00222516059875
0.0109090805054
0.00274205207825
0.00213980674744
0.0109899044037
0.00286078453064
0.00211405754089
0.00756907463074
0.00273418426514
0.00200390815735
0.0317640304565
0.00294804573059
0.00221705436707
0.029797077179
0.00284314155579
0.00232911109924
0.00714802742004
0.00284504890442
0.00220799446106
0.0105149745941
0.00279998779297
0.00217914581299
0.0270550251007
0.00352692604065
0.00234413146973
0.0143301486969
0.00281000137329
0.00209283828735
0.0196359157562
0.0026741027832
0.00218510627747
0.0223729610443
0.00268912315369
0.00203394889832
0.0353569984436
0.00301384925842
0.00217986106873
0.0548219680786
0.00340509414673
0.0022349357605
0.0682890415192
0.00296592712402
0.00218820571899
0.0249888896942
0.0028829574585
0.00213718414307
0.0050060749054
0.00276494026184
0.00208902359009
0.00505495071411
0.00278186798096
0.00208497047424
0.00535297393799
0.00373291969299
0.00228691101074
0.00749278068542
0.00271487236023
0.0020740032196
0.00736618041992
0.00272297859192
0.00206899642944
0.00551104545593
0.00259184837341
0.00203680992126
0.00505304336548
0.00255990028381
0.00199794769287
0.0271871089935
0.00280809402466
0.00218296051025
0.0432820320129
0.00290298461914
0.00211405754089
0.00984191894531
0.00288987159729
0.00204706192017
0.0236210823059
0.00276613235474
0.00207209587097
0.0357301235199
0.00292706489563
0.00218796730042
0.0264060497284
0.00287914276123
0.00223708152771
0.00548505783081
0.00283408164978
0.00219416618347
0.0547049045563
0.00293898582458
0.00215601921082
0.0249619483948
0.00288820266724
0.00213098526001
0.00531101226807
0.00279998779297
0.00211596488953
0.0207760334015
0.0027129650116
0.00201821327209
0.00396108627319
0.00310611724854
0.00201010704041
0.00584316253662
0.00271201133728
0.00207304954529
0.00837302207947
0.00297403335571
0.00208306312561
0.00198698043823
0.00264191627502
0.00210690498352
0.00396585464478
0.00271987915039
0.00208687782288
0.014396905899
0.00262594223022
0.00253009796143
0.00424218177795
0.00255417823792
0.00188803672791
0.00600814819336
0.00256395339966
0.00190281867981
0.0194828510284
0.00236392021179
0.00182700157166
0.00782799720764
0.002445936203
0.00177907943726
0.0237748622894
0.00239586830139
0.00208806991577
0.00866293907166
0.00232195854187
0.0017421245575
0.00599098205566
0.00235486030579
0.0017249584198
0.0206751823425
0.00282597541809
0.00223588943481
0.00447487831116
0.0027768611908
0.00208902359009
0.0342669487
0.00281691551208
0.00222492218018
0.00612711906433
0.00291013717651
0.00216794013977
0.00427603721619
0.00270009040833
0.00211715698242
0.00195097923279
0.00268316268921
0.00202202796936
0.00523400306702
0.00262904167175
0.00199699401855
0.00544500350952
0.00270104408264
0.00200605392456
0.00524306297302
0.00311207771301
0.00195717811584
0.00501489639282
0.0026159286499
0.00195813179016
0.00544905662537
0.00256514549255
0.00181603431702
0.00184798240662
0.00246500968933
0.00194096565247
0.00734090805054
0.00245499610901
0.00187110900879
0.00760293006897
0.00278782844543
0.00179505348206
0.0155920982361
0.00244998931885
0.00167608261108
0.00585508346558
0.00231719017029
0.0017249584198
0.00568389892578
0.00258994102478
0.00180006027222
0.00589513778687
0.00245499610901
0.00165891647339
0.00555205345154
0.00238704681396
0.00196099281311
0.00605916976929
0.00232791900635
0.00167989730835
0.00146579742432
0.00229287147522
0.00161194801331
0.00811696052551
0.00229907035828
0.00161910057068
0.00813508033752
0.00227093696594
0.00156092643738
0.00684380531311
0.00225901603699
0.00158095359802
0.00547695159912
0.00219416618347
0.00156402587891
0.00699806213379
0.00229001045227
0.00157189369202
0.0132651329041
0.00235795974731
0.0014979839325
0.0249760150909
0.00292301177979
0.00222396850586
0.00660705566406
0.00263810157776
0.00197601318359
0.00757908821106
0.00264716148376
0.00197505950928
0.00616121292114
0.00251007080078
0.00202298164368
0.00173997879028
0.00252199172974
0.00190305709839
0.00609993934631
0.00242686271667
0.00175499916077
0.00784087181091
0.00246286392212
0.00181984901428
0.00248599052429
0.00238299369812
0.00177001953125
0.00893712043762
0.00240802764893
0.00174903869629
0.0073390007019
0.00233101844788
0.00181198120117
0.00589990615845
0.00238013267517
0.00174117088318
0.00153493881226
0.0023410320282
0.00168895721436
0.00465822219849
0.00225186347961
0.00221300125122
0.00750112533569
0.00232982635498
0.00170993804932
0.00795221328735
0.00223207473755
0.0015971660614
0.00150108337402
0.00222015380859
0.00156688690186
0.00147891044617
0.0023078918457
0.00161695480347
0.00537800788879
0.0022919178009
0.00189399719238
0.0362839698792
0.00295209884644
0.00220799446106
0.0228018760681
0.00275802612305
0.00220894813538
0.00716519355774
0.0027539730072
0.00208187103271
0.00699186325073
0.00283312797546
0.00215888023376
0.00546598434448
0.00280618667603
0.00203609466553
0.00568103790283
0.00277781486511
0.00202202796936
0.0115129947662
0.00402092933655
0.00216007232666
0.00722193717957
0.00284099578857
0.00211501121521
0.00501298904419
0.00267696380615
0.00214314460754
0.00218200683594
0.00274109840393
0.00200605392456
0.00739192962646
0.00328922271729
0.00186491012573
0.0106978416443
0.00252294540405
0.00173187255859
0.00778079032898
0.00247502326965
0.00169587135315
0.0441370010376
0.00292706489563
0.00216102600098
0.0715210437775
0.0029239654541
0.002286195755
0.00228095054626
0.00420498847961
0.00217914581299
0.00548005104065
0.00277400016785
0.00209498405457
0.00570678710938
0.00275206565857
0.00215101242065
0.00446701049805
0.00279903411865
0.00205206871033
0.00471305847168
0.00267601013184
0.00193309783936
0.00645017623901
0.00255107879639
0.00238013267517
0.00174403190613
0.00255107879639
0.00190806388855
0.00786900520325
0.00262403488159
0.00182580947876
0.0158829689026
0.00254702568054
0.0018470287323
0.043664932251
0.00281691551208
0.00211405754089
0.0430810451508
0.00285410881042
0.00211596488953
0.0709998607635
0.00293111801147
0.00231409072876
0.0507199764252
0.00295281410217
0.00212907791138
0.0166871547699
0.00292491912842
0.0021710395813
0.00568008422852
0.00283408164978
0.00216603279114
0.00645184516907
0.0027379989624
0.00207304954529
0.00771999359131
0.00263690948486
0.00197196006775
0.00667405128479
0.00264096260071
0.00198602676392
0.00642991065979
0.00266194343567
0.00191783905029
0.00543785095215
0.00259280204773
0.0019588470459
0.0688169002533
0.0028178691864
0.00224995613098
0.0686237812042
0.0034818649292
0.00222897529602
0.0542650222778
0.00274109840393
0.00212407112122
0.0351281166077
0.00289702415466
0.0021288394928
0.0669758319855
0.00279307365417
0.00222301483154
0.00220203399658
0.00292491912842
0.00230002403259
0.00766897201538
0.00280404090881
0.00276589393616
0.00627589225769
0.00263094902039
0.00204420089722
0.00230598449707
0.00259804725647
0.00204682350159
0.0082049369812
0.00254607200623
0.00199198722839
0.00650691986084
0.00256490707397
0.00192093849182
0.00556802749634
0.00270581245422
0.00283098220825
0.00450897216797
0.00276803970337
0.00234603881836
0.00502300262451
0.00269508361816
0.00227308273315
0.00508809089661
0.00274610519409
0.00595808029175
0.00779795646667
0.00253987312317
0.00560593605042
0.00540900230408
0.00252509117126
0.00295686721802
0.00440287590027
0.0023410320282
0.00206708908081
0.00569009780884
0.00251603126526
0.00213813781738
0.00403809547424
0.00254321098328
0.00200796127319
0.005126953125
0.0026421546936
0.00204610824585
0.00705504417419
0.0024209022522
0.00590419769287
0.00783801078796
0.00302600860596
0.00513291358948
0.00580596923828
0.00233101844788
0.00199794769287
0.00578308105469
0.00239586830139
0.00577092170715
0.00797605514526
0.00236511230469
0.00554800033569
0.00604605674744
0.00231409072876
0.00194191932678
0.00944185256958
0.00264310836792
0.00995898246765
0.00504684448242
0.0023729801178
0.0021698474884
0.00427007675171
0.00238680839539
0.00212407112122
0.00513195991516
0.00245785713196
0.00561189651489
0.00792002677917
0.00229787826538
0.00209593772888
0.00756001472473
0.00232315063477
0.00272989273071
0.00697994232178
0.00236487388611
0.00221300125122
0.00599598884583
0.00238704681396
0.00197601318359
0.0220799446106
0.00226593017578
0.00215005874634
0.0144329071045
0.00288486480713
0.00582599639893
0.00640106201172
0.00341200828552
0.00232315063477
0.0596170425415
0.00301384925842
0.00224304199219
0.0187411308289
0.00280904769897
0.00245499610901
0.0226340293884
0.00278210639954
0.00539803504944
0.00686502456665
0.00280594825745
0.00733995437622
0.00690698623657
0.00298404693604
0.00248908996582
0.0429041385651
0.00299119949341
0.0167050361633
0.0598599910736
0.00287389755249
0.00924706459045
0.0437099933624
0.00274586677551
0.00761818885803
0.0297999382019
0.00292801856995
0.00761795043945
0.0198559761047
0.00279879570007
0.00242400169373
0.0048451423645
0.00324010848999
0.0069100856781
0.00527215003967
0.00265407562256
0.00545406341553
0.00650405883789
0.00263404846191
0.00233197212219
0.00511002540588
0.00257515907288
0.00226712226868
0.00519800186157
0.00254392623901
0.00222992897034
0.00524997711182
0.00245189666748
0.00286889076233
0.00480198860168
0.00250101089478
0.00225687026978
0.00546479225159
0.00278687477112
0.00244092941284
0.0413451194763
0.00284099578857
0.00220513343811
0.0589561462402
0.00276303291321
0.00566411018372
0.0275950431824
0.00289797782898
0.00607705116272
0.00530004501343
0.0030198097229
0.00260901451111
0.00433707237244
0.00276398658752
0.00539398193359
0.0116331577301
0.00258016586304
0.00787806510925
0.00438714027405
0.00257396697998
0.002357006073
0.0161421298981
0.0025749206543
0.0057008266449
0.032525062561
0.00282406806946
0.00887298583984
0.055732011795
0.00281500816345
0.0178079605103
0.0913901329041
0.0030369758606
0.00236415863037
0.0146381855011
0.00288105010986
0.00216507911682
0.00696182250977
0.00265192985535
0.00200700759888
0.00730204582214
0.00312089920044
0.00214886665344
0.00650191307068
0.00266194343567
0.002032995224
0.0018789768219
0.00270485877991
0.0019998550415
0.00185585021973
0.00263500213623
0.00193095207214
0.00176882743835
0.00256395339966
0.00192403793335
0.00611782073975
0.00296783447266
0.0019359588623
0.00892019271851
0.00251603126526
0.00194096565247
0.0398490428925
0.00295400619507
0.00227403640747
0.00684785842896
0.00273895263672
0.00213289260864
0.0228409767151
0.00256896018982
0.00210690498352
0.023286819458
0.00357389450073
0.00207686424255
0.00656008720398
0.0026330947876
0.00187087059021
0.00188589096069
0.00261306762695
0.00200605392456
0.00482296943665
0.00251412391663
0.00197196006775
0.00495910644531
0.00257420539856
0.00188302993774
0.00173211097717
0.0025269985199
0.00185990333557
0.00231194496155
0.00248408317566
0.00184082984924
0.00526094436646
0.00246095657349
0.00185894966125
0.00760984420776
0.00243401527405
0.00187397003174
0.0155138969421
0.00244784355164
0.00185489654541
0.0157070159912
0.00236487388611
0.00184488296509
0.00809001922607
0.00224995613098
0.00173401832581
0.0235369205475
0.00233697891235
0.00175380706787
0.0244989395142
0.00269412994385
0.00215101242065
0.059143781662
0.00286602973938
0.00222301483154
0.0307240486145
0.00287294387817
0.0022292137146
0.0270380973816
0.00334501266479
0.00221419334412
0.00660109519958
0.00269198417664
0.0020489692688
0.00195908546448
0.00268602371216
0.00205683708191
0.00831604003906
0.00267601013184
0.00203895568848
0.0111911296844
0.00262308120728
0.00207018852234
0.00754594802856
0.00254082679749
0.00254392623901
0.00671100616455
0.00244808197021
0.001953125
0.0153551101685
0.0023889541626
0.00188612937927
0.0236668586731
0.00243496894836
0.00184512138367
0.0156950950623
0.00242304801941
0.00174117088318
0.0157740116119
0.0023992061615
0.00208711624146
0.0274999141693
0.00275897979736
0.00221705436707
0.0675041675568
0.00283002853394
0.00214195251465
0.0298759937286
0.00277495384216
0.00224304199219
0.00818991661072
0.0028088092804
0.00209784507751
0.007080078125
0.0027129650116
0.00205898284912
0.0195400714874
0.00257802009583
0.00201988220215
0.0310428142548
0.00274395942688
0.00211882591248
0.00795197486877
0.00274395942688
0.00207304954529
0.00631594657898
0.00265002250671
0.00198602676392
0.00186491012573
0.00259900093079
0.00195813179016
0.0246729850769
0.00328993797302
0.00219202041626
0.0548028945923
0.00281095504761
0.00205302238464
0.0470471382141
0.00277709960938
0.00205111503601
0.00724816322327
0.00279092788696
0.00207686424255
0.00198698043823
0.00262212753296
0.00205206871033
0.0161778926849
0.00299310684204
0.0020580291748
0.0150208473206
0.00270390510559
0.00195789337158
0.0272631645203
0.00283312797546
0.00216913223267
0.063159942627
0.00287508964539
0.00730395317078
0.0217950344086
0.00287294387817
0.00927686691284
0.039666891098
0.00274991989136
0.00248908996582
0.00186705589294
0.00260281562805
0.00196099281311
0.01145195961
0.00266599655151
0.00199413299561
0.00560212135315
0.00275611877441
0.00212407112122
0.0139110088348
0.00266885757446
0.00205302238464
0.0111589431763
0.00267601013184
0.00201392173767
0.00519585609436
0.00283002853394
0.00192093849182
0.00535988807678
0.00254583358765
0.00200390815735
0.00770998001099
0.0028350353241
0.00214791297913
0.0067617893219
0.00281095504761
0.002112865448
0.0230917930603
0.0026319026947
0.00203585624695
0.00415086746216
0.00262498855591
0.00200605392456
0.0144159793854
0.00271797180176
0.00206899642944
0.00519895553589
0.00259017944336
0.00201106071472
0.00941300392151
0.00252294540405
0.00181794166565
0.00178909301758
0.00260710716248
0.00185799598694
0.0223169326782
0.0027220249176
0.00210690498352
0.0103898048401
0.00269484519958
0.00199604034424
0.033273935318
0.00279998779297
0.00214004516602
0.0092179775238
0.00269985198975
0.00202894210815
0.0149450302124
0.00257682800293
0.00204801559448
0.0273430347443
0.00327396392822
0.00213599205017
0.00572180747986
0.00274991989136
0.00210905075073
0.00507807731628
0.00263690948486
0.00193786621094
0.0084068775177
0.00265502929688
0.0019850730896
0.00550413131714
0.00262689590454
0.00195598602295
0.0192170143127
0.0025749206543
0.0023820400238
0.00704216957092
0.00245308876038
0.00182199478149
0.0167660713196
0.00255489349365
0.00187492370605
0.0144469738007
0.00270318984985
0.00212097167969
0.00692915916443
0.00271201133728
0.00202298164368
0.00519490242004
0.00269508361816
0.00207304954529
0.00531816482544
0.00276708602905
0.00200295448303
0.00515389442444
0.00343680381775
0.00197005271912
0.00464606285095
0.00252604484558
0.00191903114319
0.0055251121521
0.00265693664551
0.00190305709839
0.00551700592041
0.00255107879639
0.00194907188416
0.00972390174866
0.00245499610901
0.00182890892029
0.00552797317505
0.00230383872986
0.00164079666138
0.0079300403595
0.00234508514404
0.00159215927124
0.0136630535126
0.00221419334412
0.00160789489746
0.00687885284424
0.00279402732849
0.00195717811584
0.0148830413818
0.00278401374817
0.00181007385254
0.0131149291992
0.00246405601501
0.00171804428101
0.00823712348938
0.00242710113525
0.00167107582092
0.00584506988525
0.002366065979
0.00171709060669
0.00602602958679
0.00246596336365
0.0017261505127
0.0058810710907
0.00237894058228
0.00226497650146
0.00534820556641
0.00233387947083
0.00163102149963
0.00574803352356
0.00225520133972
0.00194096565247
0.00607585906982
0.00220990180969
0.00188088417053
0.00556993484497
0.00226998329163
0.0018630027771
0.00441002845764
0.00227904319763
0.00222516059875
0.00691604614258
0.00225591659546
0.00190711021423
0.00630402565002
0.00218296051025
0.00153803825378
0.0058970451355
0.00216293334961
0.00183796882629
0.00645685195923
0.00215697288513
0.00151109695435
0.00440096855164
0.00214099884033
0.00183081626892
0.00574088096619
0.00217986106873
0.00181293487549
0.00769710540771
0.00222182273865
0.00186991691589
0.0067081451416
0.00219511985779
0.00186991691589
0.00518894195557
0.00207901000977
0.00172901153564
0.00477886199951
0.00232100486755
0.00206398963928
0.00692009925842
0.00314903259277
0.00189518928528
0.00606417655945
0.00226306915283
0.00181794166565
0.0206968784332
0.00226902961731
0.00201106071472
0.0163340568542
0.00277304649353
0.00939989089966
0.00764203071594
0.00267004966736
0.00243782997131
0.005539894104
0.00307083129883
0.00645112991333
0.00523495674133
0.00267505645752
0.00236082077026
0.00531601905823
0.00257015228271
0.00574207305908
0.00794410705566
0.00244808197021
0.00196504592896
0.0356798171997
0.00296807289124
0.00924801826477
0.00643110275269
0.00328207015991
0.00619411468506
0.00523614883423
0.00262904167175
0.00231909751892
0.00563979148865
0.00271987915039
0.00536489486694
0.022136926651
0.00265121459961
0.00250697135925
0.00511312484741
0.00369811058044
0.00224208831787
0.00223779678345
0.00394105911255
0.00246596336365
0.00495195388794
0.00272703170776
0.00787901878357
0.00406002998352
0.00271081924438
0.00216484069824
0.00846195220947
0.00273489952087
0.00234794616699
0.00682401657104
0.00263404846191
0.00541806221008
0.00791907310486
0.00244116783142
0.00561714172363
0.00691699981689
0.00260901451111
0.0022919178009
0.00497484207153
0.00263690948486
0.00226998329163
0.00521397590637
0.00260496139526
0.00222110748291
0.00505709648132
0.00256299972534
0.00219082832336
0.0111949443817
0.00259900093079
0.00230503082275
0.0459868907928
0.00318098068237
0.0172739028931
0.0677969455719
0.00295400619507
0.00867199897766
0.0443651676178
0.00271010398865
0.00240898132324
0.0309658050537
0.00289392471313
0.00950384140015
0.0475568771362
0.00287008285522
0.0066249370575
0.00541996955872
0.00345396995544
0.00655913352966
0.0150439739227
0.00277590751648
0.00944519042969
0.00733208656311
0.00272703170776
0.00763511657715
0.00523900985718
0.00372695922852
0.00648188591003
0.00679588317871
0.00293803215027
0.0091118812561
0.00534200668335
0.00270199775696
0.00296521186829
0.00679612159729
0.00269293785095
0.00238704681396
0.00847506523132
0.00276398658752
0.00566101074219
0.00794386863708
0.0025749206543
0.00203680992126
0.0170650482178
0.00254106521606
0.00306296348572
0.0373129844666
0.00291705131531
0.00733184814453
0.0490670204163
0.00263595581055
0.00544500350952
0.00810217857361
0.00273513793945
0.00913190841675
0.0477960109711
0.00256204605103
0.00959706306458
0.0457339286804
0.00264120101929
0.0149219036102
0.0326430797577
0.00263810157776
0.00963807106018
0.00606608390808
0.00256013870239
0.00244307518005
0.00256204605103
0.0031201839447
0.00203204154968
0.0049741268158
0.00246405601501
0.00197696685791
0.00666904449463
0.00264000892639
0.00201392173767
0.00588703155518
0.00247716903687
0.00199007987976
0.00567507743835
0.00305891036987
0.00202989578247
0.0711588859558
0.00286889076233
0.0253579616547
0.0437080860138
0.00260901451111
0.0025200843811
0.0629670619965
0.00274896621704
0.00941896438599
0.031690120697
0.0026490688324
0.00209784507751
0.0111718177795
0.00296592712402
0.00192189216614
0.0135560035706
0.00254106521606
0.00194382667542
0.00907588005066
0.00294208526611
0.00220894813538
0.00889182090759
0.00284504890442
0.0020968914032
0.00513100624084
0.00280094146729
0.00201201438904
0.0565469264984
0.00283885002136
0.00644898414612
0.00545597076416
0.002690076828
0.00921201705933
0.00789594650269
0.00264477729797
0.00942397117615
0.00794410705566
0.00254583358765
0.0054988861084
0.00771307945251
0.00253105163574
0.00190401077271
0.00413513183594
0.00248003005981
0.00191116333008
0.00574517250061
0.00260210037231
0.00187706947327
0.00488185882568
0.00242185592651
0.00181102752686
0.00174307823181
0.00237607955933
0.00183796882629
0.0176229476929
0.00236511230469
0.0017831325531
0.0362660884857
0.00294208526611
0.00228500366211
0.0471711158752
0.00279998779297
0.00219702720642
0.0304870605469
0.00280714035034
0.00219798088074
0.0751149654388
0.0028440952301
0.00215196609497
0.0150060653687
0.00281310081482
0.00200700759888
0.00711822509766
0.00255393981934
0.00204110145569
0.0106010437012
0.00260710716248
0.0019199848175
0.0042769908905
0.00253486633301
0.00198411941528
0.00544309616089
0.00252318382263
0.00186896324158
0.00544190406799
0.00243401527405
0.00184011459351
0.00184297561646
0.00245785713196
0.00173783302307
0.00560188293457
0.00226593017578
0.00233221054077
0.00741195678711
0.00246286392212
0.00178599357605
0.0115180015564
0.00220489501953
0.00173401832581
0.0277290344238
0.00271511077881
0.00217700004578
0.00796389579773
0.00269913673401
0.00199794769287
0.143118858337
0.00300884246826
0.00268387794495
0.0342268943787
0.00287103652954
0.00217819213867
0.0364980697632
0.0028121471405
0.0021641254425
0.0175719261169
0.00259399414062
0.00207114219666
0.0434200763702
0.00273299217224
0.0020489692688
0.027214050293
0.00284504890442
0.00212383270264
0.00481295585632
0.00274896621704
0.0021448135376
0.00526094436646
0.00273895263672
0.00203394889832
0.00197887420654
0.00266194343567
0.00207591056824
0.00834798812866
0.00278806686401
0.00194787979126
0.00347495079041
0.00249314308167
0.00185608863831
0.00352215766907
0.00319409370422
0.00186896324158
0.00681900978088
0.00247001647949
0.00184988975525
0.00766396522522
0.00240898132324
0.0017728805542
0.00171899795532
0.00236415863037
0.00177407264709
0.0297429561615
0.00268507003784
0.00209617614746
0.0136859416962
0.00309991836548
0.00202989578247
0.00874400138855
0.00264596939087
0.00204181671143
0.00658893585205
0.0026490688324
0.00205087661743
0.0117659568787
0.00253200531006
0.00197887420654
0.00270199775696
0.00255107879639
0.00192999839783
0.0163788795471
0.00258588790894
0.00227117538452
0.0150730609894
0.00258016586304
0.00191807746887
0.015417098999
0.00243401527405
0.00184679031372
0.00392889976501
0.00248098373413
0.00200295448303
0.0193200111389
0.00249314308167
0.00190496444702
0.00773191452026
0.00236701965332
0.00190901756287
0.00222516059875
0.00243401527405
0.00179004669189
0.0374112129211
0.00283598899841
0.00220489501953
0.0469298362732
0.00273585319519
0.0020899772644
0.0351212024689
0.00286912918091
0.00214505195618
0.0629351139069
0.002601146698
0.00200390815735
0.0359718799591
0.0027289390564
0.00214910507202
0.0466310977936
0.00272917747498
0.00207996368408
0.0231659412384
0.00261902809143
0.00194406509399
0.00743508338928
0.00261116027832
0.00195813179016
0.00734710693359
0.00250291824341
0.00187706947327
0.00754499435425
0.00271892547607
0.00189304351807
0.00553584098816
0.00243306159973
0.0017249584198
0.0058069229126
0.00236701965332
0.00170683860779
0.00590300559998
0.00222897529602
0.00166797637939
0.00163102149963
0.00218892097473
0.00166606903076
0.00897479057312
0.00212907791138
0.00225186347961
0.00696110725403
0.00237393379211
0.00169801712036
0.00311398506165
0.00221300125122
0.00167918205261
0.00469493865967
0.0022668838501
0.00168013572693
0.0160660743713
0.00298309326172
0.00217914581299
0.0232751369476
0.00269293785095
0.00252795219421
0.0107710361481
0.00270700454712
0.00209999084473
0.00617718696594
0.00266599655151
0.0020751953125
0.0243248939514
0.00273489952087
0.0020809173584
0.0511729717255
0.00270700454712
0.0020899772644
0.0351932048798
0.00283694267273
0.00323987007141
0.0021698474884
0.00274586677551
0.00207090377808
0.00691199302673
0.00263404846191
0.00201082229614
0.00377082824707
0.00261187553406
0.00196003913879
0.00684213638306
0.0026159286499
0.00198101997375
0.00755906105042
0.0024881362915
0.00191497802734
0.00225400924683
0.00247693061829
0.00188493728638
0.0088210105896
0.00238800048828
0.00191688537598
0.00751805305481
0.00234985351562
0.00180983543396
0.0406649112701
0.00283789634705
0.00217795372009
0.04243516922
0.00278306007385
0.00206995010376
0.0190768241882
0.00333094596863
0.00201797485352
0.00674605369568
0.00260996818542
0.00200390815735
0.00728988647461
0.0025360584259
0.00192594528198
0.00746011734009
0.00251698493958
0.00187611579895
0.00646805763245
0.00244092941284
0.00183701515198
0.00725889205933
0.00247287750244
0.00239896774292
0.00539398193359
0.00280594825745
0.00214505195618
0.00303196907043
0.00272393226624
0.00202918052673
0.00203800201416
0.00311684608459
0.00206804275513
0.00755500793457
0.00263500213623
0.00192594528198
0.0189960002899
0.00268697738647
0.00242900848389
0.00385785102844
0.00260591506958
0.00194215774536
0.0185360908508
0.00241303443909
0.00186204910278
0.00786590576172
0.00239896774292
0.00173902511597
0.00776386260986
0.002286195755
0.0017728805542
0.0361878871918
0.00284600257874
0.00222301483154
0.0199201107025
0.00267219543457
0.00203800201416
0.0181751251221
0.00267601013184
0.00210094451904
0.0192198753357
0.00253510475159
0.00196099281311
0.0019359588623
0.00260806083679
0.0018949508667
0.0289249420166
0.00277900695801
0.00214791297913
0.00709891319275
0.00335597991943
0.00210785865784
0.0506958961487
0.00280284881592
0.00205993652344
0.0431442260742
0.00276899337769
0.00202298164368
0.0392029285431
0.00289702415466
0.0021550655365
0.0229339599609
0.00293493270874
0.00211787223816
0.00394988059998
0.00336384773254
0.00209403038025
0.0095591545105
0.00267195701599
0.00209283828735
0.00605487823486
0.00266695022583
0.00204420089722
0.0122499465942
0.00262594223022
0.00203800201416
0.0273790359497
0.00285983085632
0.00214505195618
0.0231289863586
0.00271582603455
0.00258088111877
0.00665998458862
0.00258612632751
0.00204396247864
0.0232210159302
0.00260400772095
0.00194716453552
0.0435719490051
0.00273704528809
0.00229692459106
0.0189280509949
0.00281190872192
0.00216197967529
0.0109839439392
0.0027060508728
0.00201487541199
0.0354819297791
0.00293111801147
0.00218200683594
0.00684905052185
0.00269198417664
0.00210309028625
0.00708293914795
0.00262904167175
0.00191593170166
0.00486421585083
0.00265502929688
0.00195217132568
0.0177419185638
0.00244283676147
0.00189995765686
0.0403718948364
0.0029091835022
0.00215005874634
0.00655007362366
0.00272703170776
0.00209379196167
0.0165259838104
0.00273203849792
0.00206899642944
0.0336201190948
0.00276899337769
0.00213885307312
0.0752060413361
0.00285291671753
0.0021448135376
0.0514121055603
0.00283408164978
0.00206398963928
0.0158889293671
0.00283098220825
0.00211310386658
0.00391888618469
0.00263214111328
0.00200605392456
0.0131847858429
0.00256586074829
0.00193691253662
0.00753402709961
0.0026650428772
0.00199699401855
0.00644898414612
0.00266408920288
0.00197601318359
0.00432801246643
0.0026421546936
0.00194311141968
0.00577402114868
0.00286793708801
0.00212502479553
0.00494503974915
0.00260591506958
0.00197386741638
0.00538492202759
0.00273299217224
0.0019838809967
0.00532007217407
0.00272297859192
0.00261998176575
0.004634141922
0.00288200378418
0.00194883346558
0.00461602210999
0.00260901451111
0.0019109249115
0.00608611106873
0.00262403488159
0.00195479393005
0.00545406341553
0.00247192382812
0.00181984901428
0.0057098865509
0.00266289710999
0.00223779678345
0.00511789321899
0.002525806427
0.00179290771484
0.00566697120667
0.00254106521606
0.00188302993774
0.00475692749023
0.00238394737244
0.00182700157166
0.00666284561157
0.00237488746643
0.00204586982727
0.0056369304657
0.00240206718445
0.00211906433105
0.00590991973877
0.00247502326965
0.00211000442505
0.00542807579041
0.00273489952087
0.00241279602051
0.00491690635681
0.00265693664551
0.00244402885437
0.00484490394592
0.00269389152527
0.00228786468506
0.00499105453491
0.00248789787292
0.0125517845154
0.00258493423462
0.00307703018188
0.00234603881836
0.00572681427002
0.00259804725647
0.00196409225464
0.00681495666504
0.00247097015381
0.00230193138123
0.00502586364746
0.0023181438446
0.002286195755
0.00562214851379
0.00227499008179
0.00215816497803
0.00556612014771
0.00265908241272
0.00212407112122
0.00526714324951
0.0021710395813
0.00214290618896
0.00566697120667
0.00217413902283
0.00206995010376
0.0058228969574
0.00221800804138
0.00204992294312
0.0363578796387
0.00278186798096
0.00248193740845
0.00402903556824
0.00271010398865
0.00857019424438
0.00567293167114
0.00271391868591
0.00701212882996
0.00408315658569
0.0026490688324
0.00757908821106
0.00960993766785
0.00260901451111
0.00540614128113
0.0077919960022
0.00255584716797
0.00197100639343
0.00309610366821
0.00256490707397
0.00232005119324
0.00242900848389
0.00254416465759
0.00248003005981
0.00463390350342
0.00255608558655
0.00643491744995
0.00297093391418
0.0026421546936
0.00217199325562
0.00324678421021
0.00250792503357
0.00766706466675
0.00514197349548
0.00242209434509
0.00559687614441
0.00712323188782
0.00244998931885
0.00322818756104
0.0139439105988
0.00245189666748
0.00513982772827
0.00602507591248
0.00286197662354
0.00250601768494
0.00651788711548
0.00274085998535
0.00927090644836
0.0117909908295
0.00265598297119
0.00222611427307
0.0110499858856
0.00296998023987
0.00912094116211
0.00791311264038
0.00251197814941
0.00230002403259
0.0151400566101
0.00249195098877
0.00313186645508
0.00624895095825
0.00239682197571
0.00574898719788
0.00546813011169
0.00244617462158
0.00198817253113
0.00559496879578
0.00249791145325
0.0059859752655
0.0158069133759
0.00243210792542
0.00359010696411
0.00601005554199
0.00234007835388
0.0032970905304
0.00703310966492
0.00231313705444
0.00208806991577
0.00689506530762
0.002366065979
0.00565505027771
0.00795388221741
0.00238704681396
0.00595712661743
0.00645399093628
0.00242114067078
0.00184011459351
0.0327241420746
0.00227904319763
0.00190615653992
0.00845909118652
0.00279879570007
0.00790786743164
0.00529193878174
0.00269389152527
0.00932383537292
0.00788497924805
0.00278687477112
0.0102508068085
0.00686502456665
0.00253415107727
0.00423312187195
0.00523805618286
0.00266909599304
0.00939202308655
0.00783586502075
0.00248599052429
0.00558805465698
0.00584506988525
0.00244212150574
0.00209712982178
0.00429511070251
0.00247502326965
0.00205183029175
0.00673794746399
0.0029890537262
0.00191783905029
0.0128290653229
0.00286793708801
0.00215697288513
0.00736498832703
0.00279498100281
0.00199198722839
0.00546503067017
0.00264477729797
0.00207304954529
0.017774105072
0.00271105766296
0.00209403038025
0.00650691986084
0.00326895713806
0.00213003158569
0.0065610408783
0.00275492668152
0.00203394889832
0.0118248462677
0.00268793106079
0.00198101997375
0.00653481483459
0.00253891944885
0.00185322761536
0.0198290348053
0.00255584716797
0.00195693969727
0.00177407264709
0.00249099731445
0.00220489501953
0.00171709060669
0.00251412391663
0.00180602073669
0.00165414810181
0.00245499610901
0.00175285339355
0.012601852417
0.00238490104675
0.00173401832581
0.00792193412781
0.0022828578949
0.00168895721436
0.00795602798462
0.00226306915283
0.00167202949524
0.0198681354523
0.0023820400238
0.00167393684387
0.0605101585388
0.00277400016785
0.002112865448
0.0431010723114
0.00283312797546
0.00208711624146
0.00714015960693
0.00278687477112
0.00204586982727
0.0019268989563
0.00273990631104
0.00200700759888
0.0205919742584
0.00263118743896
0.0019679069519
0.0229730606079
0.00253009796143
0.00187587738037
0.0398108959198
0.00282287597656
0.00217294692993
0.0790030956268
0.00296902656555
0.00223898887634
0.0788369178772
0.00304293632507
0.00224995613098
0.0826549530029
0.00341105461121
0.00219488143921
0.0299150943756
0.00291204452515
0.00216794013977
0.0393807888031
0.00291585922241
0.00212907791138
0.0188801288605
0.00280594825745
0.00216388702393
0.00206804275513
0.00282502174377
0.00229001045227
0.00791907310486
0.00273394584656
0.0026159286499
0.00628995895386
0.00272393226624
0.00199794769287
0.0124750137329
0.00267791748047
0.00192499160767
0.0064001083374
0.00250005722046
0.0018630027771
0.00178909301758
0.00254392623901
0.00181794166565
0.00543403625488
0.00241589546204
0.00225687026978
0.00723719596863
0.00248312950134
0.00182199478149
0.00768709182739
0.00239706039429
0.00171685218811
0.0077178478241
0.00230002403259
0.00176000595093
0.0198769569397
0.00229001045227
0.00174784660339
0.00808191299438
0.00227618217468
0.00162410736084
0.0489192008972
0.00356793403625
0.0020740032196
0.00599694252014
0.00281381607056
0.00205492973328
0.0429029464722
0.00276613235474
0.00202107429504
0.0432560443878
0.00287485122681
0.00209093093872
0.0189390182495
0.00280404090881
0.00202202796936
0.0125539302826
0.00330901145935
0.00204396247864
0.0172479152679
0.00267815589905
0.00195503234863
0.00197911262512
0.00267386436462
0.00197982788086
0.00200295448303
0.00253701210022
0.00191903114319
0.0501520633698
0.00271892547607
0.00211501121521
0.0231759548187
0.00319385528564
0.00200510025024
0.00690889358521
0.00274085998535
0.00208687782288
0.00715684890747
0.00252389907837
0.00189805030823
0.00193309783936
0.00242495536804
0.00190997123718
0.0170471668243
0.00252795219421
0.00194501876831
0.00782799720764
0.00350785255432
0.00188088417053
0.00641798973083
0.00243306159973
0.00189089775085
0.0234141349792
0.00258708000183
0.00186419487
0.00167894363403
0.00239896774292
0.00176382064819
0.00989294052124
0.00230002403259
0.00173807144165
0.00176596641541
0.00229287147522
0.00207591056824
0.0477349758148
0.00304102897644
0.00240278244019
0.0568609237671
0.00306391716003
0.00245308876038
0.0752761363983
0.00297999382019
0.0405330657959
0.0597009658813
0.00291419029236
0.0171630382538
0.0714609622955
0.00309205055237
0.0135700702667
0.0321431159973
0.00293803215027
0.00212788581848
0.0144939422607
0.00258803367615
0.00200700759888
0.0112681388855
0.00261402130127
0.00191497802734
0.0273900032043
0.00278091430664
0.00222015380859
0.00743007659912
0.00277900695801
0.00211095809937
0.00197196006775
0.00326609611511
0.00213098526001
0.00427389144897
0.00267791748047
0.00209498405457
0.00650596618652
0.00258898735046
0.00193905830383
0.00734281539917
0.00258183479309
0.00194692611694
0.00185298919678
0.00262498855591
0.00195693969727
0.00509691238403
0.00294303894043
0.00188183784485
0.00654196739197
0.00298309326172
0.00185489654541
0.0365009307861
0.00287294387817
0.00251603126526
0.0100162029266
0.00273013114929
0.00242614746094
0.00501894950867
0.00272798538208
0.00240206718445
0.0080668926239
0.00286602973938
0.00614595413208
0.00754499435425
0.00266599655151
0.00197696685791
0.00806784629822
0.00283098220825
0.00211119651794
0.00609612464905
0.00282311439514
0.00549006462097
0.00797200202942
0.00269913673401
0.00233602523804
0.00680708885193
0.00274515151978
0.00229096412659
0.00709390640259
0.00279998779297
0.00240802764893
0.00466990470886
0.00275588035583
0.00730800628662
0.0436959266663
0.0027379989624
0.00949597358704
0.0477950572968
0.0027129650116
0.00194096565247
0.0274240970612
0.0028030872345
0.00548005104065
0.00729584693909
0.00288200378418
0.00580501556396
0.00782704353333
0.00267386436462
0.00237011909485
0.00695490837097
0.00264286994934
0.00230002403259
0.00611305236816
0.00253105163574
0.00230097770691
0.00514912605286
0.00264501571655
0.00223898887634
0.00516605377197
0.00304007530212
0.00192809104919
0.0115790367126
0.00256609916687
0.00219702720642
0.0475330352783
0.00277996063232
0.00238490104675
0.0307991504669
0.0028600692749
0.0174429416656
0.039803981781
0.00296592712402
0.00795698165894
0.00510406494141
0.00268816947937
0.00767111778259
0.00562906265259
0.00278496742249
0.00888609886169
0.00903606414795
0.00280380249023
0.00845694541931
0.00792098045349
0.00274801254272
0.00206685066223
0.00728297233582
0.00259113311768
0.00197911262512
0.0018470287323
0.00257182121277
0.00241780281067
0.00844192504883
0.00263905525208
0.00188994407654
0.00177597999573
0.00257611274719
0.00184202194214
0.00513291358948
0.0025360584259
0.00190496444702
0.0223739147186
0.00250697135925
0.00198483467102
0.0460078716278
0.00274395942688
0.00245189666748
0.0335328578949
0.00284385681152
0.00218486785889
0.0430278778076
0.00270009040833
0.00204706192017
0.055282831192
0.00273299217224
0.00201606750488
0.023129940033
0.00268507003784
0.00208497047424
0.0116789340973
0.00263977050781
0.00304412841797
0.00190997123718
0.00259804725647
0.00194001197815
0.00799107551575
0.00259804725647
0.0019588470459
0.00184798240662
0.00261116027832
0.00190210342407
0.0123388767242
0.00272297859192
0.00217819213867
0.00741004943848
0.00265002250671
0.00203084945679
0.0190749168396
0.00316905975342
0.00200080871582
0.0157120227814
0.00256609916687
0.00217390060425
0.00551700592041
0.00249099731445
0.00206708908081
0.0204379558563
0.00257611274719
0.00205707550049
0.0107419490814
0.00256395339966
0.0020751953125
0.0120220184326
0.00322079658508
0.00224900245667
0.0544550418854
0.00274682044983
0.00207781791687
0.0471580028534
0.00278902053833
0.0020580291748
0.0214600563049
0.00317096710205
0.00206398963928
0.00862812995911
0.00278306007385
0.00213313102722
0.00205898284912
0.00276899337769
0.00261998176575
0.00750207901001
0.00277304649353
0.00212097167969
0.002032995224
0.00265884399414
0.00212097167969
0.00467205047607
0.00265216827393
0.00199890136719
0.00690007209778
0.00241994857788
0.002032995224
0.0193312168121
0.00256395339966
0.00200796127319
0.00601983070374
0.00260710716248
0.00200295448303
0.0206980705261
0.00292301177979
0.00223112106323
0.0471410751343
0.00274896621704
0.00201487541199
0.02587890625
0.00272798538208
0.00200915336609
0.0412521362305
0.0029079914093
0.00205898284912
0.0266680717468
0.00262212753296
0.0019690990448
0.00688099861145
0.00259494781494
0.00196599960327
0.00194907188416
0.00251793861389
0.00191378593445
0.00919389724731
0.00267291069031
0.00189900398254
0.00734996795654
0.00250887870789
0.00193214416504
0.00176000595093
0.0029468536377
0.00190186500549
0.00496888160706
0.00238609313965
0.00179004669189
0.00455594062805
0.00249099731445
0.00176405906677
0.00171208381653
0.00300598144531
0.00216794013977
0.00636196136475
0.00273513793945
0.00211215019226
0.00511503219604
0.0027551651001
0.00267791748047
0.0424258708954
0.00277495384216
0.00207495689392
0.0351610183716
0.00287103652954
0.00217199325562
0.0227560997009
0.00277590751648
0.00213289260864
0.0076699256897
0.00260305404663
0.00203990936279
0.00203704833984
0.00274896621704
0.00256013870239
0.0194621086121
0.00258612632751
0.00201892852783
0.00638103485107
0.00260591506958
0.00195407867432
0.00548410415649
0.00264000892639
0.00186681747437
0.00177383422852
0.00251793861389
0.00187587738037
0.0017728805542
0.00252199172974
0.00184512138367
0.00213599205017
0.0023980140686
0.0017728805542
0.00691080093384
0.00254487991333
0.00184392929077
0.0406439304352
0.00293898582458
0.00216484069824
0.0589008331299
0.00282406806946
0.00201797485352
0.0230400562286
0.00282692909241
0.00203609466553
0.0119171142578
0.00327205657959
0.00211691856384
0.0099630355835
0.00269985198975
0.00206995010376
0.00193285942078
0.002681016922
0.00213313102722
0.0282909870148
0.0025839805603
0.00201916694641
0.00737905502319
0.00250506401062
0.00192093849182
0.0114440917969
0.00308012962341
0.00191307067871
0.00707411766052
0.00261402130127
0.00179696083069
0.00745296478271
0.00246000289917
0.00175309181213
0.00665616989136
0.0029571056366
0.00218510627747
0.00464916229248
0.00279593467712
0.00195002555847
0.00533199310303
0.00364899635315
0.00215411186218
0.00319981575012
0.00276708602905
0.00208783149719
0.00617003440857
0.00263786315918
0.00201797485352
0.0053288936615
0.00267100334167
0.00198197364807
0.00537919998169
0.0024471282959
0.00188779830933
0.00576996803284
0.00256896018982
0.00217700004578
0.0120930671692
0.0025429725647
0.00225901603699
0.00573778152466
0.00294613838196
0.00217294692993
0.0068531036377
0.00288891792297
0.00220203399658
0.00215816497803
0.00279521942139
0.00215911865234
0.00779604911804
0.00276112556458
0.00214719772339
0.0066990852356
0.00268483161926
0.00209999084473
0.00468897819519
0.00257611274719
0.00214004516602
0.00211215019226
0.00263619422913
0.00205397605896
0.00200510025024
0.00265002250671
0.0021710395813
0.0108120441437
0.00265717506409
0.00217413902283
0.00625801086426
0.0031840801239
0.00214791297913
0.00912404060364
0.00253820419312
0.00205206871033
0.00727987289429
0.00257110595703
0.00210785865784
0.00190997123718
0.00251293182373
0.00217199325562
0.00487399101257
0.00269818305969
0.00203204154968
0.00699996948242
0.00273895263672
0.00266909599304
0.00668811798096
0.0026159286499
0.00202703475952
0.0152411460876
0.00268602371216
0.00206995010376
0.0395760536194
0.00301694869995
0.00224494934082
0.00486898422241
0.00284790992737
0.0021710395813
0.00507497787476
0.00274586677551
0.00247001647949
0.0020318031311
0.00275111198425
0.00202202796936
0.0233979225159
0.00271201133728
0.00203585624695
0.00736713409424
0.00274610519409
0.00195479393005
0.00188207626343
0.00278997421265
0.00199699401855
0.0283050537109
0.00302481651306
0.00232005119324
0.00743103027344
0.00283122062683
0.00218796730042
0.0104229450226
0.00283908843994
0.00221490859985
0.0287837982178
0.00285911560059
0.0023021697998
0.00524497032166
0.00293016433716
0.00215315818787
0.0547821521759
0.00293111801147
0.00217485427856
0.0509219169617
0.00349497795105
0.00236701965332
0.0299770832062
0.00300884246826
0.00223708152771
0.0227978229523
0.00278997421265
0.00215697288513
0.00211191177368
0.00282001495361
0.00219893455505
0.00799584388733
0.0028920173645
0.00219798088074
0.00220084190369
0.00331902503967
0.00211501121521
0.00723195075989
0.00278401374817
0.00207710266113
0.00207996368408
0.00277996063232
0.00212001800537
0.0239470005035
0.00281596183777
0.00224590301514
0.00694894790649
0.00253200531006
0.00205898284912
0.00738716125488
0.0026969909668
0.0024631023407
0.00199604034424
0.00263905525208
0.00199913978577
0.00815796852112
0.00255489349365
0.00204682350159
0.00718307495117
0.00270581245422
0.0020010471344
0.011412858963
0.00258302688599
0.00196099281311
0.0192940235138
0.00255703926086
0.00194215774536
0.0378720760345
0.00294303894043
0.00231909751892
0.0291278362274
0.00280213356018
0.00227904319763
0.00641894340515
0.00285696983337
0.00223994255066
0.00678586959839
0.002681016922
0.00219893455505
0.00684690475464
0.00270199775696
0.00210690498352
0.00570487976074
0.00274300575256
0.0020170211792
0.00261688232422
0.00274991989136
0.00200295448303
0.00439095497131
0.00280499458313
0.00294184684753
0.00750207901001
0.00290203094482
0.00224900245667
0.00486207008362
0.00285506248474
0.0021698474884
0.00338792800903
0.00288200378418
0.00261497497559
0.00472187995911
0.00281000137329
0.00253510475159
0.00247716903687
0.00269603729248
0.00251293182373
0.00785207748413
0.0028510093689
0.00256109237671
0.00514602661133
0.00288200378418
0.00216197967529
0.00493597984314
0.00310111045837
0.00206112861633
0.00480985641479
0.00265407562256
0.0024561882019
0.00491619110107
0.00261902809143
0.00234508514404
0.00508213043213
0.00264120101929
0.00252199172974
0.00488710403442
0.00255680084229
0.00245094299316
0.00504112243652
0.00252199172974
0.00279498100281
0.0047550201416
0.00273609161377
0.00250005722046
0.00486207008362
0.00278306007385
0.00256419181824
0.0045690536499
0.00253200531006
0.00215196609497
0.00218510627747
0.00257921218872
0.00821399688721
0.00770592689514
0.00264310836792
0.00551390647888
0.00247693061829
0.00256991386414
0.0070059299469
0.00455188751221
0.00268292427063
0.00235295295715
0.00197505950928
0.00252199172974
0.00581407546997
0.0046980381012
0.0026490688324
0.00237393379211
0.00503587722778
0.0024950504303
0.00222897529602
0.00591611862183
0.00266313552856
0.00259399414062
0.00461411476135
0.00285816192627
0.00263381004333
0.00442695617676
0.0027129650116
0.00254487991333
0.00492811203003
0.00271415710449
0.00609517097473
0.00653100013733
0.00278306007385
0.00226593017578
0.00826001167297
0.00598001480103
0.00544691085815
0.00850605964661
0.00283718109131
0.0023889541626
0.00617098808289
0.00285291671753
0.00580191612244
0.00786805152893
0.00282597541809
0.00931191444397
0.00784492492676
0.00286388397217
0.00239014625549
0.00678110122681
0.002769947052
0.00359606742859
0.00554895401001
0.00288200378418
0.0071759223938
0.00605082511902
0.00292611122131
0.00908517837524
0.00784802436829
0.00263404846191
0.00546598434448
0.00605893135071
0.00256705284119
0.00244903564453
0.00489902496338
0.00260519981384
0.00287008285522
0.00456094741821
0.00270295143127
0.00248599052429
0.00486302375793
0.00262498855591
0.00760102272034
0.00439190864563
0.00258111953735
0.0032069683075
0.0076310634613
0.00292086601257
0.0025999546051
0.00644493103027
0.00292897224426
0.00759887695312
0.00575304031372
0.00286102294922
0.00569820404053
0.014997959137
0.00284004211426
0.0130090713501
0.00824499130249
0.0028510093689
0.00245404243469
0.00561118125916
0.00272607803345
0.00624799728394
0.00807023048401
0.00298500061035
0.00899004936218
0.00792789459229
0.00333380699158
0.00871109962463
0.0220558643341
0.0027129650116
0.00248098373413
0.00513005256653
0.00289297103882
0.00718188285828
0.0135688781738
0.00280785560608
0.00921297073364
0.00448107719421
0.00282502174377
0.00723314285278
0.0292830467224
0.00339794158936
0.00762987136841
0.0212919712067
0.00274276733398
0.00605297088623
0.019907951355
0.00285410881042
0.00237607955933
0.0417129993439
0.00294518470764
0.00932502746582
0.0108060836792
0.00294709205627
0.00559902191162
0.0096230506897
0.00334882736206
0.00266313552856
0.00879502296448
0.00277280807495
0.00259804725647
0.0262579917908
0.00298190116882
0.0027379989624
0.0107779502869
0.00292587280273
0.00234699249268
0.0186011791229
0.00297212600708
0.00271081924438
0.0383200645447
0.00411081314087
0.0217378139496
0.0260181427002
0.00274705886841
0.00931596755981
0.00789093971252
0.0028920173645
0.00921010971069
0.0398938655853
0.00366306304932
0.00236892700195
0.00603699684143
0.00275206565857
0.00245308876038
0.00577306747437
0.00266790390015
0.00639796257019
0.00782084465027
0.00262784957886
0.00241899490356
0.00688886642456
0.00262784957886
0.00239491462708
0.00626611709595
0.00246715545654
0.00232195854187
0.00518298149109
0.00257396697998
0.00225305557251
0.00516891479492
0.00243616104126
0.0023090839386
0.0444669723511
0.00267481803894
0.00243782997131
0.00632309913635
0.00267004966736
0.00555491447449
0.00800704956055
0.00258803367615
0.00936913490295
0.00519394874573
0.00260496139526
0.0023341178894
0.00960516929626
0.00252819061279
0.00230312347412
0.00539803504944
0.00285315513611
0.0022349357605
0.00688695907593
0.00246906280518
0.00192499160767
0.00533080101013
0.00243401527405
0.0057327747345
0.0518419742584
0.00268292427063
0.021488904953
0.0568130016327
0.00276494026184
0.0379559993744
0.0500249862671
0.00279998779297
0.00739693641663
0.00629782676697
0.00297093391418
0.00258994102478
0.00656795501709
0.0027539730072
0.00244998931885
0.00637602806091
0.00269412994385
0.00738501548767
0.00611090660095
0.0025749206543
0.00235509872437
0.00701713562012
0.00257515907288
0.00272703170776
0.00660300254822
0.00253796577454
0.005530834198
0.0277140140533
0.00273394584656
0.00986695289612
0.0396530628204
0.00277996063232
0.00214695930481
0.0352590084076
0.00285911560059
0.00256109237671
0.0264949798584
0.00278115272522
0.00250601768494
0.0151038169861
0.0028190612793
0.00214695930481
0.00366115570068
0.00271105766296
0.00200295448303
0.0140759944916
0.00277495384216
0.00248885154724
0.00675702095032
0.00262403488159
0.0023729801178
0.0551249980927
0.00287318229675
0.00249695777893
0.00624704360962
0.00356507301331
0.00564908981323
0.00736713409424
0.00307393074036
0.00267291069031
0.0219860076904
0.00280809402466
0.00943398475647
0.00786709785461
0.00276303291321
0.00253009796143
0.0265600681305
0.00285816192627
0.00224113464355
0.00713396072388
0.00328803062439
0.00252890586853
0.0259668827057
0.00270986557007
0.00728487968445
0.0341911315918
0.0026741027832
0.00209212303162
0.00690317153931
0.00267791748047
0.0023980140686
0.00193905830383
0.0026798248291
0.0023398399353
0.00787782669067
0.00261497497559
0.00268387794495
0.00925087928772
0.00262999534607
0.00229597091675
0.00507497787476
0.00250101089478
0.00224995613098
0.0044801235199
0.00257015228271
0.00186204910278
0.00462698936462
0.00242209434509
0.00219297409058
0.00713300704956
0.00242304801941
0.0018949508667
0.00236892700195
0.00243782997131
0.00835394859314
0.00772309303284
0.00248312950134
0.0026261806488
0.00691509246826
0.00246405601501
0.00571322441101
0.00480008125305
0.00239396095276
0.00206589698792
0.00169897079468
0.00242710113525
0.0065929889679
0.0054030418396
0.00237703323364
0.00206112861633
0.0378439426422
0.00299096107483
0.0057008266449
0.00396990776062
0.00271201133728
0.00748991966248
0.037761926651
0.00288891792297
0.00723004341125
0.00566291809082
0.00272417068481
0.00248599052429
0.00780916213989
0.00256204605103
0.00848913192749
0.00796818733215
0.00266098976135
0.00200009346008
0.00781178474426
0.00264096260071
0.0076801776886
0.00530600547791
0.00284790992737
0.00912499427795
0.00776100158691
0.00286817550659
0.0093731880188
0.00389504432678
0.00266885757446
0.00619387626648
0.00710797309875
0.00264096260071
0.00205707550049
0.00736808776855
0.00254797935486
0.00198698043823
0.00622820854187
0.00254702568054
0.00220394134521
0.00520491600037
0.00252795219421
0.0022599697113
0.00525498390198
0.00247597694397
0.00266695022583
0.00485014915466
0.00247311592102
0.00214505195618
0.00543594360352
0.00245714187622
0.00220012664795
0.00538110733032
0.0023820400238
0.00221014022827
0.0358400344849
0.00283718109131
0.00746893882751
0.0362129211426
0.00276494026184
0.00244688987732
0.0151989459991
0.00276899337769
0.00894999504089
0.0476999282837
0.00262904167175
0.00959396362305
0.0358719825745
0.00273203849792
0.00211501121521
0.0191829204559
0.00256109237671
0.00202202796936
0.00729703903198
0.00264716148376
0.00206208229065
0.00190901756287
0.00316119194031
0.00213313102722
0.00806999206543
0.00266480445862
0.00199604034424
0.00603795051575
0.00260305404663
0.00196504592896
0.0047390460968
0.00245499610901
0.00183391571045
0.00650191307068
0.00241684913635
0.00192403793335
0.00478887557983
0.00278997421265
0.00182485580444
0.0112340450287
0.00244688987732
0.00182795524597
0.00786900520325
0.00232195854187
0.00195908546448
0.00169515609741
0.00233697891235
0.00168180465698
0.0016348361969
0.00225591659546
0.0017409324646
0.00161409378052
0.0023250579834
0.00222682952881
0.00700998306274
0.00290179252625
0.00189208984375
0.00629806518555
0.00259900093079
0.00197005271912
0.0234060287476
0.00252914428711
0.00194096565247
0.00780010223389
0.00246906280518
0.00183606147766
0.00746393203735
0.0023889541626
0.00178790092468
0.0021448135376
0.00243806838989
0.00177216529846
0.00538301467896
0.00243711471558
0.00176000595093
0.00770878791809
0.00237607955933
0.0017409324646
0.0016188621521
0.00228095054626
0.0016930103302
0.0261218547821
0.00282001495361
0.0284562110901
0.0857779979706
0.00291800498962
0.00223398208618
0.014347076416
0.00282287597656
0.00212907791138
0.00704503059387
0.0027551651001
0.00210690498352
0.00194191932678
0.0027220249176
0.00212407112122
0.00822710990906
